9.4664 9.6881 9.4674 9.6901
7.1717 7.2557 7.171 7.3904
6.4199 6.5897 6.4116 6.6179
6.0411 6.1611 6.0412 6.2358
5.8184 6.0018 5.8179 6.0061
5.673 5.8393 5.6816 5.8571
5.5785 5.7034 5.5773 5.7474
5.5045 5.6192 5.5041 5.6633
5.4463 5.5753 5.4538 5.5987
5.4069 5.5154 5.4055 5.5503
5.3871 5.493 5.3802 5.5102
5.3646 5.4479 5.3635 5.4785
5.3487 5.4328 5.3497 5.4493
5.3346 5.3852 5.3301 5.4278
5.3206 5.3899 5.3202 5.4043
5.312 5.3696 5.3119 5.3875
5.2979 5.3273 5.3049 5.3711
5.2952 5.3335 5.2927 5.357
5.2917 5.3265 5.2844 5.3409
5.2829 5.3069 5.2822 5.3321
5.2759 5.2991 5.2795 5.3243
5.2808 5.297 5.276 5.3188
5.2812 5.2848 5.2738 5.3051
5.2688 5.2808 5.271 5.2972
5.2659 5.2777 5.2657 5.2942
5.2649 5.2738 5.2692 5.2876
5.2611 5.2623 5.2609 5.2842
5.2654 5.2628 5.2608 5.2774
5.2574 5.256 5.261 5.2667
5.2531 5.2564 5.2603 5.2663
5.2549 5.252 5.2614 5.2635
5.2482 5.2541 5.2542 5.259
5.2523 5.2487 5.2604 5.2575
5.251 5.2509 5.2581 5.2528
5.246 5.2492 5.2628 5.251
5.2484 5.2438 5.2576 5.2425
5.2491 5.2452 5.2622 5.2463
5.2416 5.2524 5.2515 5.2411
5.2491 5.2374 5.2568 5.2425
5.242 5.2453 5.2584 5.2389
5.2392 5.2393 5.2534 5.2396
5.2397 5.2407 5.2534 5.2366
5.2316 5.2371 5.2613 5.2314
5.2341 5.248 5.2658 5.2301
5.2255 5.2439 5.2699 5.2295
5.2277 5.2398 5.2607 5.2317
5.2329 5.2407 5.2673 5.2333
5.2224 5.2399 5.2752 5.2267
5.226 5.2517 5.2672 5.2307
5.2233 5.248 5.2658 5.2288
5.2374 5.2435 5.2594 5.2272
5.2255 5.2432 5.268 5.2303
5.2263 5.2455 5.2753 5.222
5.2284 5.2443 5.2713 5.2243
5.2261 5.2471 5.2685 5.2282
5.2292 5.2469 5.2566 5.233
5.2323 5.2413 5.2746 5.2306
5.2329 5.2588 5.2825 5.2258
5.2297 5.2515 5.2777 5.2275
5.2333 5.259 5.2762 5.2323
5.2281 5.2534 5.2807 5.2253
5.2383 5.251 5.28 5.2344
5.2271 5.2534 5.2826 5.2324
5.2346 5.2434 5.2799 5.2342
5.2356 5.2573 5.2841 5.2304
5.2278 5.2646 5.283 5.2276
5.2294 5.2551 5.2784 5.2262
5.2366 5.2546 5.2785 5.2332
5.2327 5.2698 5.2887 5.2343
5.2308 5.268 5.2858 5.2389
5.241 5.2774 5.2799 5.2413
5.2353 5.2588 5.2879 5.2344
5.2348 5.2803 5.2858 5.234
5.2409 5.2678 5.2863 5.2376
5.2433 5.273 5.2861 5.2404
5.2437 5.2702 5.3002 5.2512
5.2439 5.2738 5.2915 5.2424
5.2397 5.2768 5.2931 5.243
5.2436 5.2814 5.2927 5.2442
5.2478 5.2731 5.2943 5.246
5.2543 5.2829 5.2958 5.254
5.2575 5.2691 5.3002 5.2534
5.2498 5.2862 5.2945 5.2489
5.2604 5.284 5.2979 5.2535
5.2549 5.2916 5.304 5.2507
5.2474 5.3033 5.2923 5.2493
5.2569 5.2843 5.3008 5.2489
5.265 5.294 5.2995 5.2617
5.2672 5.2928 5.3075 5.2633
5.2539 5.2961 5.3031 5.2639
5.2585 5.2858 5.3052 5.2679
5.2755 5.2966 5.3098 5.2712
5.2718 5.2895 5.295 5.2711
5.2803 5.3029 5.313 5.2871
5.2908 5.3141 5.3105 5.2832
5.3008 5.3 5.309 5.291
5.2975 5.3193 5.311 5.2905
5.3044 5.3203 5.314 5.2987
5.3104 5.3092 5.3145 5.304
5.3121 5.3137 5.3087 5.3193
