12.764 12.764
9.6542 9.6581
8.6264 8.6279
8.1171 8.1162
7.8254 7.8172
7.6264 7.6249
7.4917 7.4891
7.3892 7.3918
7.3064 7.3234
7.2609 7.2613
7.2169 7.2288
7.2044 7.2007
7.1807 7.1822
7.1578 7.1648
7.1507 7.1361
7.1321 7.1248
7.1062 7.1124
7.1099 7.1073
7.0982 7.1036
7.0921 7.0934
7.0862 7.0829
7.0856 7.0895
7.0761 7.0794
7.0721 7.0717
7.0632 7.0708
7.0702 7.0671
7.0583 7.0691
7.0649 7.0623
7.0566 7.0651
7.0667 7.0608
7.0671 7.0566
7.0443 7.0612
7.0517 7.0475
7.0541 7.0493
7.0435 7.0483
7.0553 7.0361
7.0437 7.0482
7.0451 7.0379
7.0322 7.0417
7.0375 7.0285
7.0275 7.0295
7.0275 7.0283
7.0259 7.0269
7.0272 7.0226
7.0193 7.024
7.0228 7.0249
7.0233 7.0141
7.0199 7.0189
7.0135 7.0164
7.0186 7.0131
7.014 7.0208
7.0214 7.013
7.0241 7.0128
7.017 7.0114
7.0194 7.0152
7.0159 7.0112
7.0155 7.0227
7.016 7.0249
7.0131 7.0164
7.0147 7.0147
7.0058 7.0244
7.0197 7.0144
7.0235 7.0122
7.0195 7.0126
7.0277 7.0215
7.0227 7.0133
7.0257 7.0193
7.0246 7.0267
7.0248 7.0307
7.0275 7.0296
7.0346 7.0263
7.0359 7.0195
7.0349 7.0332
7.0394 7.0399
7.0308 7.0353
7.0396 7.0418
7.0475 7.0375
7.0427 7.0418
7.0397 7.038
7.0365 7.0447
7.0411 7.0366
7.0435 7.051
7.0491 7.0505
7.0453 7.0426
7.0514 7.0548
7.057 7.0504
7.066 7.0558
7.0463 7.0639
7.0779 7.06
7.0643 7.0697
7.0696 7.0559
7.0678 7.0751
7.0767 7.0835
7.0934 7.0894
7.1023 7.0992
7.1053 7.0921
7.1138 7.0987
7.1113 7.1181
7.1393 7.1147
7.1337 7.1315
