0 0 0
0 0 0
0 0 0
0 0 0
0 0 0
0 0 0
0 0 0
0 0 0
0 0 0
0 0 0
0 0 0
0 0 0
1 1 1
1 1 0
0 0 0
1 1 1
1 1 1
1 1 1
0 1 0
0 1 0
0 0 0
0 0 0
0 0 0
0 0 0
0 1 0
0 0 0
0 0 0
0 0 0
0 0 0
0 0 0
0 0 0
0 0 0
0 0 0
0 0 0
0 0 0
0 0 0
0 0 0
1 1 1
1 1 0
0 0 0
0 0 0
0 0 0
0 0 0
0 0 0
0 1 0
0 0 0
0 0 0
0 0 0
0 0 0
0 0 0
0 0 0
0 0 0
0 0 0
0 0 0
0 0 0
0 0 0
0 0 0
0 0 0
0 0 0
0 0 0
0 0 0
1 1 0
1 0 0
0 0 0
0 0 0
0 0 0
0 0 0
0 0 0
0 0 0
0 0 0
0 0 0
0 0 0
0 0 0
0 0 0
0 0 0
0 0 0
0 0 0
0 0 0
0 0 0
0 0 0
0 0 0
0 0 0
0 0 0
0 0 0
0 0 0
0 0 0
0 0 0
0 0 0
0 0 0
1 1 1
1 1 1
1 1 1
2 2 2
2 3 2
2 2 2
2 2 2
3 3 3
3 3 2
3 3 2
2 2 2
2 2 2
2 2 1
2 2 1
2 2 1
4 4 3
3 3 3
3 3 2
3 3 2
3 3 2
3 3 2
3 2 1
2 2 1
2 2 1
3 3 2
3 3 2
3 2 1
3 2 1
2 2 1
3 3 2
3 3 1
3 2 1
3 2 1
2 2 1
2 2 0
2 2 0
2 1 0
2 1 0
2 1 0
2 1 0
2 2 0
2 2 0
2 1 0
2 1 0
1 1 0
2 2 0
2 2 0
2 1 0
2 1 0
2 1 0
1 1 0
2 2 0
2 2 0
2 1 0
2 1 0
1 1 0
1 1 0
1 1 0
1 0 0
0 0 0
1 1 0
1 1 0
1 1 0
1 1 0
0 0 0
1 1 0
1 1 0
1 1 0
1 1 0
0 1 0
0 0 0
0 0 0
0 0 0
1 1 0
2 2 1
1 1 1
1 1 1
1 1 0
1 1 0
1 1 0
0 1 0
1 1 1
1 1 0
1 1 0
1 1 0
1 1 0
0 0 0
0 0 0
0 0 0
0 0 0
0 0 0
0 0 0
0 0 0
0 0 0
0 0 0
0 0 0
0 0 0
0 0 0
0 0 0
0 0 0
0 0 0
0 0 0
0 0 0
0 0 0
0 0 0
0 0 0
0 0 0
0 0 0
0 0 0
0 0 0
0 0 0
0 0 0
0 0 0
0 0 0
1 1 1
1 1 1
1 1 1
2 2 1
1 1 1
1 1 1
1 1 1
1 1 0
1 1 0
1 1 0
0 0 0
0 0 0
0 0 0
0 0 0
0 0 0
0 0 0
0 0 0
0 0 0
0 0 0
0 0 0
0 0 0
0 0 0
0 0 0
0 0 0
0 0 0
0 0 0
0 0 0
0 0 0
0 0 0
0 0 0
0 0 0
0 0 0
0 0 0
0 0 0
0 0 0
0 0 0
0 0 0
0 0 0
1 1 1
3 3 3
3 3 3
3 3 2
2 2 2
3 3 3
3 3 3
3 3 3
2 3 2
2 2 2
2 2 2
2 2 2
3 3 2
3 3 2
4 4 3
4 4 4
6 6 5
6 6 5
6 6 5
6 6 5
8 7 7
7 7 6
7 7 6
7 7 6
7 7 6
7 7 5
6 6 5
6 6 5
6 6 5
7 7 5
8 8 6
7 7 6
7 7 6
7 7 6
7 7 5
8 8 6
8 9 7
8 8 7
8 8 6
8 8 6
8 8 6
7 8 6
8 8 7
8 8 6
8 8 6
8 8 6
7 8 6
7 7 5
8 8 6
8 8 6
9 9 7
8 9 6
9 10 7
10 10 8
11 11 9
10 11 9
10 11 8
10 11 8
11 12 9
11 11 9
11 11 8
10 11 8
10 11 8
10 11 8
11 11 9
12 12 9
12 12 9
11 12 9
11 12 9
11 11 8
13 13 10
13 13 10
13 13 10
12 13 10
12 12 9
12 12 9
12 12 9
12 12 9
11 12 8
11 12 8
11 11 8
11 11 8
11 11 7
11 11 7
10 11 7
11 11 8
11 11 8
11 11 7
11 11 7
10 11 7
10 11 7
10 10 6
10 10 6
11 11 7
10 11 7
10 11 7
10 10 6
10 10 6
10 10 6
10 11 7
10 11 6
10 11 6
10 10 6
10 10 6
9 10 5
9 10 5
9 10 5
9 9 5
10 10 6
9 10 5
10 11 6
11 12 7
12 12 8
12 12 7
12 13 8
12 13 8
12 13 8
12 13 7
12 12 7
12 12 7
11 12 7
11 12 7
11 12 6
11 11 6
10 11 6
11 12 7
11 12 6
11 12 6
11 11 6
10 11 6
10 11 5
10 11 5
11 12 6
12 13 7
12 13 8
12 13 7
12 13 7
12 13 7
12 13 7
11 12 6
11 12 6
11 12 6
11 12 6
11 12 6
11 11 5
11 12 6
11 12 6
11 12 6
11 12 5
11 12 5
11 11 5
10 11 5
10 11 5
10 11 4
11 12 5
11 11 5
10 11 5
10 11 4
10 11 4
10 11 4
10 11 4
9 10 4
9 10 3
9 10 3
9 10 3
10 11 4
9 10 3
9 10 3
9 10 3
9 10 3
9 10 3
9 11 3
9 10 3
9 10 3
9 10 3
9 10 2
8 10 2
8 9 2
8 9 2
8 9 1
8 9 1
9 10 2
8 10 2
8 9 2
8 9 1
8 9 1
8 9 1
8 9 1
7 8 0
7 8 0
8 9 1
8 9 1
9 10 2
8 10 1
8 9 1
8 9 1
9 10 2
9 10 1
8 10 1
8 9 1
8 9 1
8 9 1
8 9 0
8 10 1
8 9 1
8 9 1
8 9 0
8 9 0
7 9 0
7 9 0
7 8 0
9 10 1
8 10 1
8 10 1
8 10 1
8 9 0
8 9 0
8 9 0
8 9 0
7 9 0
7 9 0
7 8 0
7 8 0
7 8 0
7 8 0
6 8 0
7 8 0
7 8 0
7 8 0
7 8 0
6 8 0
6 8 0
6 7 0
7 8 0
8 9 1
7 9 1
7 9 1
8 9 2
9 10 2
9 10 2
9 10 2
8 10 2
8 9 1
8 9 1
9 10 2
9 10 2
9 11 2
10 12 3
11 12 4
11 12 4
13 14 6
12 14 5
12 14 5
12 14 5
12 13 5
12 13 4
11 13 4
11 13 4
11 13 4
11 12 4
11 12 3
11 12 3
11 13 4
11 13 4
11 13 3
11 12 3
10 12 3
10 12 3
10 12 2
10 12 2
11 13 3
11 12 3
10 12 3
11 13 3
11 13 3
11 13 3
11 12 3
11 12 2
10 12 2
10 12 2
10 12 2
11 12 2
11 12 2
11 12 2
10 12 2
10 12 2
10 12 1
10 11 1
10 11 1
9 11 1
9 11 0
9 11 0
9 11 0
9 10 0
10 11 1
9 11 0
9 11 0
9 11 0
9 10 0
9 10 0
9 11 0
10 12 1
10 12 1
10 12 1
10 11 0
10 11 0
9 11 0
9 11 0
9 11 0
10 11 0
10 11 0
10 11 0
10 12 1
10 12 1
12 14 2
12 13 2
12 13 2
12 14 3
14 16 4
15 17 5
15 17 5
15 16 5
14 16 4
14 16 4
14 16 4
14 16 4
14 15 4
13 15 3
14 16 4
14 16 4
15 17 5
15 17 4
15 16 4
14 16 4
14 16 4
14 16 3
14 16 3
14 15 3
15 16 4
15 17 5
16 18 5
16 18 5
17 19 6
17 18 6
16 18 5
16 18 5
16 18 5
16 18 5
16 17 5
16 17 4
15 17 4
15 17 4
15 17 4
15 16 3
16 17 4
17 18 5
18 20 7
18 20 6
18 20 6
18 19 6
18 19 6
19 20 7
18 20 6
18 20 6
18 19 6
18 19 6
18 19 5
17 19 5
17 19 5
17 19 5
17 18 5
17 18 4
17 19 5
17 19 5
17 19 5
17 19 4
17 18 4
16 18 4
17 19 5
17 19 4
19 21 6
18 20 6
18 20 6
18 20 6
18 20 5
18 20 5
18 19 5
17 19 5
17 19 4
17 19 4
17 19 4
17 19 4
17 18 3
16 18 3
16 18 3
16 18 3
16 18 3
16 17 2
16 18 3
16 18 3
18 20 5
18 20 4
18 19 4
17 19 4
18 20 5
18 20 4
18 20 4
18 20 4
18 19 4
17 19 4
18 20 4
19 21 5
19 21 5
19 21 5
18 20 4
18 20 4
18 20 4
19 21 5
19 21 4
18 20 4
18 20 4
19 21 5
20 22 6
20 22 5
19 21 5
19 21 5
19 21 5
19 21 4
19 21 4
19 20 4
18 20 4
18 20 4
18 20 3
18 20 3
18 20 3
17 19 3
18 20 3
18 20 3
18 20 3
18 20 3
18 20 2
17 19 2
19 21 4
19 21 4
19 21 4
19 21 3
19 20 3
18 20 3
18 20 3
18 20 2
19 21 3
19 21 3
18 20 3
18 20 3
18 20 2
18 20 2
19 21 3
18 20 3
18 20 2
19 21 3
20 22 4
20 22 4
20 22 3
19 21 3
19 21 3
20 22 4
20 22 4
20 22 3
19 21 3
20 22 4
20 22 4
20 22 4
20 22 3
19 22 3
19 21 3
20 22 4
20 22 3
20 22 3
19 22 3
19 21 3
19 21 2
20 22 3
20 22 3
19 22 3
19 22 3
19 21 2
19 21 2
19 21 2
19 21 2
18 21 1
19 21 2
19 21 2
19 21 2
18 21 2
18 21 1
18 21 1
18 20 1
18 20 1
17 20 0
17 20 0
17 20 0
17 19 0
18 20 0
18 20 0
17 20 0
17 20 0
17 20 0
17 19 0
17 19 0
17 19 0
17 20 0
17 20 0
17 19 0
17 19 0
17 19 0
16 19 0
16 19 0
16 19 0
16 18 0
16 18 0
15 18 0
16 19 0
17 20 1
18 20 2
20 22 4
20 23 4
20 23 4
20 23 4
21 24 5
21 23 4
20 23 4
20 23 4
20 23 4
20 23 4
19 22 3
19 22 3
19 22 3
19 22 3
19 22 2
20 22 3
19 22 3
19 22 3
19 22 2
19 22 2
19 21 2
20 22 3
21 23 4
20 23 3
20 23 3
20 23 3
20 22 3
20 22 2
20 22 2
19 22 2
19 22 2
19 21 2
19 21 1
19 21 1
19 21 1
18 21 1
18 21 0
18 20 0
18 20 0
18 20 0
18 21 0
18 21 0
18 20 0
18 20 0
18 20 0
17 20 0
17 20 0
17 20 0
17 19 0
17 19 0
16 19 0
16 19 0
16 19 0
16 19 0
16 18 0
15 18 0
15 18 0
15 18 0
15 18 0
15 17 0
14 17 0
15 18 0
15 18 0
15 18 0
16 19 1
15 18 0
15 18 0
16 19 1
16 19 1
16 19 0
15 18 0
15 18 0
16 19 1
16 19 1
16 19 0
15 19 0
16 19 1
16 19 1
16 19 0
16 19 0
15 19 0
15 18 0
15 18 0
15 18 0
15 18 0
14 18 0
15 18 0
15 18 0
15 18 0
15 18 0
15 18 0
15 19 0
16 19 1
16 19 1
16 19 1
16 19 0
16 19 0
15 18 0
15 18 0
15 18 0
15 18 0
15 18 0
16 19 0
15 18 0
15 18 0
15 18 0
15 18 0
14 18 0
14 17 0
14 17 0
14 17 0
14 17 0
13 17 0
13 17 0
13 16 0
13 16 0
13 16 0
12 16 0
12 16 0
13 16 0
13 16 0
13 16 0
12 16 0
12 16 0
14 18 1
15 18 2
15 18 2
14 18 2
14 18 1
14 18 1
14 18 1
14 17 1
15 18 2
14 18 1
14 18 1
15 19 2
15 18 2
15 18 1
15 18 1
14 18 1
15 19 2
15 19 1
15 18 1
15 18 1
14 18 1
15 19 2
15 19 1
16 20 2
16 19 2
16 19 2
15 19 1
16 20 2
16 20 2
17 20 3
17 20 2
16 20 2
16 20 2
16 20 2
16 20 2
16 19 1
16 19 1
15 19 1
15 19 1
15 19 0
16 20 1
16 19 1
15 19 1
15 19 1
15 19 0
15 19 0
15 18 0
14 18 0
14 18 0
15 19 0
15 19 0
15 18 0
15 18 0
14 18 0
14 18 0
15 19 0
15 19 0
15 18 0
14 18 0
14 18 0
14 18 0
14 18 0
14 17 0
13 17 0
14 18 0
15 19 1
15 19 1
15 19 1
15 18 0
14 18 0
14 18 0
15 19 1
16 20 2
16 19 1
15 19 1
15 19 1
16 20 2
16 20 1
16 20 1
15 19 1
15 19 1
15 19 0
15 19 0
15 19 0
15 18 0
14 18 0
15 19 0
15 19 0
15 19 0
15 19 0
14 18 0
14 18 0
14 18 0
14 18 0
16 20 1
16 20 1
15 19 1
15 19 1
15 19 0
15 19 0
16 20 1
16 19 1
16 20 2
16 20 1
17 21 2
17 21 2
17 20 2
17 21 2
17 21 2
17 21 2
17 21 2
17 21 1
17 20 1
16 20 1
16 20 1
16 20 1
16 20 0
16 19 0
15 19 0
15 19 0
15 19 0
15 19 0
16 20 0
15 19 0
15 19 0
15 19 0
15 19 0
15 19 0
15 18 0
14 18 0
14 18 0
14 18 0
14 18 0
14 18 0
14 17 0
13 17 0
13 17 0
13 17 0
14 18 0
14 17 0
13 17 0
13 17 0
13 17 0
13 17 0
13 17 0
12 16 0
12 16 0
12 16 0
12 16 0
12 16 0
11 15 0
12 16 0
12 16 0
12 16 0
13 17 1
13 17 1
12 16 0
12 16 0
12 16 0
12 16 0
12 16 0
13 16 0
12 16 0
12 16 0
12 16 0
12 16 0
12 15 0
12 15 0
11 15 0
12 16 0
12 16 0
12 16 0
12 15 0
12 15 0
11 15 0
11 15 0
11 15 0
11 15 0
12 15 0
12 15 0
11 15 0
11 15 0
11 15 0
11 15 0
12 15 0
11 15 0
11 15 0
11 15 0
11 15 0
13 16 1
13 16 1
12 16 1
12 16 1
12 16 1
12 15 0
13 16 1
15 18 3
15 19 4
15 19 3
16 20 4
16 19 4
16 19 4
15 19 4
16 20 4
16 20 4
16 19 4
16 19 4
16 19 3
15 19 3
15 19 3
16 20 4
16 19 3
16 19 3
16 19 3
16 20 4
16 20 4
16 19 3
16 19 3
15 19 3
15 19 3
16 20 3
16 20 3
16 19 3
15 19 3
15 19 2
16 20 3
17 21 4
17 20 4
17 20 4
16 20 3
17 21 4
17 21 4
17 21 4
17 20 3
17 20 3
16 20 3
16 20 3
16 20 3
16 20 2
17 20 3
16 20 3
16 20 3
16 20 2
17 21 3
17 20 3
17 20 3
16 20 3
16 20 2
16 20 2
16 20 2
15 19 2
15 19 1
15 19 1
15 19 1
15 19 1
14 18 1
14 18 0
14 18 0
14 18 0
14 18 0
13 17 0
13 17 0
13 17 0
13 17 0
14 18 0
14 18 0
13 17 0
13 17 0
13 17 0
13 17 0
13 17 0
13 16 0
12 16 0
12 16 0
12 16 0
12 16 0
12 16 0
12 15 0
11 15 0
11 15 0
11 15 0
12 16 0
12 15 0
13 16 1
12 16 1
12 16 0
12 16 0
12 15 0
12 15 0
12 15 0
11 15 0
11 15 0
11 15 0
11 14 0
10 14 0
10 14 0
11 15 0
11 15 0
11 15 0
11 14 0
10 14 0
10 14 0
10 14 0
10 14 0
11 14 0
10 14 0
10 14 0
10 14 0
10 14 0
10 14 0
9 13 0
10 14 0
10 14 0
10 14 0
11 15 1
11 14 0
10 14 0
10 14 0
10 14 0
10 14 0
10 14 0
10 13 0
9 13 0
9 13 0
9 13 0
9 13 0
9 12 0
8 12 0
8 12 0
8 12 0
8 12 0
9 12 0
9 12 0
8 12 0
8 12 0
8 12 0
8 12 0
8 11 0
7 11 0
7 11 0
7 11 0
7 11 0
7 10 0
6 10 0
6 10 0
6 10 0
6 10 0
6 10 0
7 10 0
6 10 0
6 10 0
6 10 0
6 10 0
6 9 0
6 10 0
7 11 1
7 11 1
8 12 2
8 12 2
7 11 1
8 12 2
8 12 2
8 12 2
8 12 1
8 11 1
7 11 1
8 12 2
8 12 1
8 12 1
8 12 1
8 11 1
7 11 1
7 11 0
7 11 0
7 11 0
6 10 0
6 10 0
6 10 0
7 11 0
8 12 1
7 12 1
7 11 1
8 12 1
8 12 1
8 12 1
7 12 1
7 11 1
7 11 0
7 11 0
8 12 1
8 13 2
8 12 1
8 12 1
8 12 1
8 12 1
9 13 2
8 13 1
8 12 1
8 12 1
8 12 1
8 12 0
8 12 0
8 13 1
8 12 1
8 12 1
9 13 1
9 13 1
9 14 2
9 13 2
10 14 2
10 14 2
10 14 2
12 16 4
11 15 3
11 15 3
11 15 3
11 15 3
11 15 3
11 15 2
10 14 2
10 14 2
11 15 3
11 15 2
11 15 2
12 15 3
11 15 3
11 15 3
11 15 2
11 15 2
10 15 2
10 14 2
11 15 2
11 15 2
11 15 2
11 15 2
10 14 1
10 14 1
10 14 1
10 14 1
10 14 1
9 13 0
9 13 0
9 13 0
9 13 0
9 13 0
9 13 0
8 12 0
8 12 0
8 12 0
8 12 0
8 12 0
7 11 0
7 11 0
7 11 0
7 11 0
7 11 0
7 12 0
7 11 0
7 11 0
7 11 0
7 11 0
7 11 0
7 11 0
7 11 0
7 11 0
7 11 0
7 11 0
7 11 0
6 10 0
6 10 0
6 10 0
6 10 0
5 10 0
5 9 0
5 9 0
6 10 0
6 10 0
5 10 0
5 9 0
5 9 0
6 10 0
6 10 0
5 10 0
6 11 1
6 10 1
6 10 0
6 10 0
5 10 0
5 10 0
6 10 0
6 10 0
6 10 0
6 10 0
5 10 0
5 10 0
5 9 0
5 9 0
5 9 0
5 9 0
4 9 0
4 9 0
4 8 0
4 8 0
4 8 0
3 8 0
3 8 0
3 7 0
3 7 0
3 7 0
3 8 0
3 8 0
3 8 0
3 7 0
5 9 1
4 9 1
4 9 1
4 9 1
4 8 0
5 9 1
4 9 1
4 9 1
4 9 1
4 9 0
4 8 0
3 8 0
4 9 1
5 10 1
5 10 1
5 9 1
5 9 1
5 9 0
4 9 0
4 9 0
4 8 0
4 8 0
3 8 0
3 8 0
3 8 0
3 8 0
3 7 0
3 7 0
2 7 0
2 7 0
2 7 0
2 7 0
1 6 0
1 6 0
1 6 0
1 6 0
1 6 0
1 5 0
1 5 0
0 5 0
0 5 0
0 5 0
0 5 0
0 4 0
0 5 0
0 5 0
0 5 0
1 6 1
1 5 0
1 6 1
1 6 1
2 7 2
2 7 2
2 6 1
2 6 1
1 6 1
2 7 2
3 8 2
3 8 2
3 7 2
2 7 2
2 7 2
2 7 1
2 7 1
2 6 1
2 7 2
2 7 1
2 7 1
2 7 1
2 7 1
2 7 1
3 8 2
3 8 2
5 10 4
5 10 4
5 10 4
5 10 4
5 10 4
5 10 4
5 10 3
6 11 4
5 10 4
5 10 4
5 10 4
5 10 3
4 10 3
5 10 4
5 10 4
6 11 4
6 11 4
5 11 4
5 11 4
5 10 4
5 10 3
5 10 3
4 10 3
4 10 3
4 9 2
4 9 2
4 9 2
4 9 2
3 9 1
3 9 1
4 9 2
4 9 2
4 9 2
3 9 1
3 9 1
3 8 1
3 8 1
4 9 1
4 10 2
4 10 2
4 10 2
4 9 2
4 9 1
3 9 1
3 9 1
3 9 1
3 8 0
3 8 0
2 8 0
2 8 0
2 8 0
2 7 0
2 7 0
1 7 0
1 7 0
1 7 0
2 8 0
3 8 1
4 9 2
3 9 2
4 10 3
4 10 2
4 10 2
4 9 2
4 9 2
3 9 1
3 9 1
3 9 1
4 9 2
4 9 2
4 9 1
3 9 1
3 9 1
3 9 1
3 8 0
4 9 1
4 10 2
4 10 2
4 10 2
4 9 1
4 9 1
3 9 1
3 9 1
3 9 0
3 9 0
4 9 1
3 9 1
3 9 0
3 9 0
3 9 0
3 8 0
3 8 0
2 8 0
2 8 0
2 8 0
3 8 0
4 9 1
4 9 1
3 9 1
3 9 1
3 9 0
3 8 0
3 8 0
2 8 0
2 8 0
3 9 0
3 8 0
5 10 2
4 10 2
4 10 2
4 10 1
4 9 1
4 9 1
4 9 1
3 9 0
3 9 0
4 9 1
4 9 1
3 9 0
5 11 2
5 11 2
5 11 2
5 10 2
4 10 1
4 10 1
5 11 2
5 11 2
5 10 1
5 10 1
4 10 1
5 11 2
5 11 2
6 12 2
6 11 2
6 11 2
6 11 2
5 11 1
5 11 1
5 10 1
5 10 1
6 11 1
6 11 1
5 11 1
5 10 1
5 10 1
5 10 0
5 10 0
4 10 0
4 10 0
4 9 0
4 9 0
4 9 0
3 9 0
3 9 0
3 9 0
4 9 0
4 9 0
3 9 0
3 9 0
4 10 1
5 10 1
5 10 1
4 10 1
5 11 2
5 11 1
5 11 1
6 11 2
6 11 2
5 11 1
5 11 1
5 11 1
5 11 1
5 10 1
5 10 0
4 10 0
4 10 0
4 10 0
4 9 0
4 9 0
3 9 0
3 9 0
3 9 0
3 9 0
4 9 0
3 9 0
4 10 1
4 10 1
4 10 1
4 9 0
5 10 1
5 10 1
4 10 1
5 11 1
5 11 1
5 10 1
5 10 1
5 10 0
4 10 0
5 11 1
5 11 1
5 10 1
4 10 0
4 10 0
4 10 0
4 10 0
4 9 0
4 9 0
3 9 0
3 9 0
3 9 0
3 8 0
3 8 0
3 8 0
2 8 0
2 8 0
2 8 0
2 7 0
3 8 0
2 8 0
2 8 0
2 8 0
2 8 0
1 7 0
1 7 0
1 7 0
1 7 0
2 8 0
2 8 0
1 7 0
2 8 1
3 9 1
3 9 1
3 9 1
2 8 1
2 8 0
3 9 1
3 9 1
2 9 1
2 9 1
2 8 0
2 8 0
2 8 0
2 8 0
2 8 0
2 9 0
2 8 0
2 8 0
2 8 0
2 8 0
2 9 0
2 8 0
4 10 2
4 10 2
4 10 2
4 10 1
3 10 1
3 9 1
3 9 1
5 11 2
5 11 2
4 11 2
5 11 3
7 13 4
7 13 4
7 13 4
7 13 4
7 14 5
7 13 4
7 13 4
8 14 5
8 14 5
8 14 4
8 14 5
8 14 5
8 14 5
9 15 6
9 15 5
8 15 5
8 14 5
8 14 5
8 14 4
8 14 4
7 14 4
7 13 4
7 13 4
7 13 3
7 13 3
6 13 3
6 13 3
6 12 2
6 12 2
7 13 3
7 13 3
6 13 2
6 12 2
6 12 2
6 12 2
6 12 2
6 12 1
5 12 1
5 11 1
5 11 1
5 11 0
5 11 0
4 11 0
4 10 0
5 11 1
6 12 1
7 13 2
7 13 2
6 13 2
6 12 1
6 12 1
6 12 1
5 12 1
5 12 0
5 12 0
5 11 0
5 11 0
5 11 0
5 11 0
4 11 0
4 10 0
5 11 0
5 11 0
5 11 0
5 12 1
5 11 1
5 11 0
6 12 1
7 13 2
7 13 2
6 12 1
6 12 1
7 13 2
7 13 2
6 13 2
7 14 2
7 13 2
7 13 2
7 13 2
7 13 1
8 14 2
7 14 2
7 13 2
8 14 2
8 14 2
8 14 2
7 14 2
7 13 2
7 13 1
7 13 1
7 13 1
6 13 1
6 13 0
6 12 0
7 13 1
7 13 1
7 13 1
6 13 0
6 12 0
6 12 0
7 13 1
6 13 0
6 13 0
6 12 0
6 12 0
7 13 1
7 13 0
7 14 1
8 15 2
8 14 2
8 14 1
9 15 2
9 15 2
9 15 2
8 14 2
8 14 1
8 14 1
8 14 1
8 14 1
7 14 0
7 13 0
8 14 1
8 14 1
10 16 2
10 17 3
10 16 3
10 16 3
10 16 3
11 17 3
10 17 3
10 17 3
10 16 3
10 16 2
10 16 2
10 16 2
9 16 2
9 15 1
9 15 1
10 16 2
11 17 3
11 17 3
10 17 2
11 17 3
11 17 3
12 18 4
13 19 4
12 19 4
12 19 4
12 18 4
12 18 4
12 18 3
12 18 3
12 19 4
12 18 4
12 18 3
12 18 3
12 18 3
12 18 3
12 18 4
13 19 4
13 19 4
13 19 4
13 19 4
13 19 3
12 18 3
12 18 3
14 20 5
14 20 4
15 21 5
15 20 5
14 20 5
14 20 5
14 20 4
14 20 4
15 21 5
15 20 5
14 20 4
14 20 4
14 20 4
14 20 4
14 19 3
14 19 3
14 20 4
14 20 4
14 20 4
14 20 3
14 19 3
15 20 4
15 21 5
15 21 4
15 21 4
15 20 4
16 21 5
16 22 6
17 23 6
18 24 7
18 24 7
18 23 7
18 23 6
17 23 6
17 23 6
17 23 6
17 23 6
17 22 5
16 22 5
16 22 5
16 22 5
17 23 5
18 23 6
17 23 6
18 24 7
18 24 6
19 25 7
19 24 7
21 26 9
20 26 9
20 26 8
20 26 8
20 25 8
19 25 8
19 25 7
20 26 8
20 26 8
20 26 8
19 25 8
19 25 7
21 27 9
21 27 9
21 27 9
20 26 8
20 26 8
20 26 8
21 27 9
21 27 8
22 28 9
21 27 9
23 29 11
23 29 11
23 29 10
23 29 10
23 29 11
23 29 11
23 29 10
24 30 11
25 31 12
25 31 12
24 30 11
24 30 11
24 30 11
24 30 11
24 30 11
23 29 10
23 29 10
23 29 10
23 29 10
23 29 9
22 29 9
22 28 9
22 28 9
22 28 9
22 28 8
21 28 8
21 28 8
21 27 8
21 27 7
22 28 8
22 28 8
21 28 8
21 27 7
21 27 7
21 27 7
21 27 7
21 28 8
21 27 7
21 27 7
22 28 8
22 28 8
22 29 8
22 29 8
22 28 8
22 28 8
22 28 7
22 28 7
22 28 7
21 28 7
21 27 7
21 27 6
21 27 6
20 27 6
21 28 7
21 27 6
22 28 7
22 28 7
22 28 7
22 29 8
22 29 7
22 28 7
22 28 7
22 28 7
21 28 6
21 28 6
21 27 6
21 27 6
21 27 5
21 28 6
21 28 6
21 27 6
21 27 6
21 27 5
20 27 5
21 28 6
21 28 6
21 27 5
21 27 5
20 27 5
20 27 5
20 27 5
20 26 4
20 26 4
20 26 4
19 26 4
19 26 3
19 25 3
20 26 4
20 26 4
20 27 5
20 27 4
20 26 4
21 27 5
21 27 5
21 27 4
20 27 4
20 27 4
20 26 4
20 26 3
20 26 3
19 26 3
19 26 3
19 26 3
20 26 3
20 26 3
19 26 3
20 27 4
20 27 3
20 27 3
21 27 4
21 27 4
20 27 3
20 27 3
20 27 3
20 26 3
20 26 3
20 26 2
19 26 2
19 26 2
19 26 2
19 25 1
20 26 2
20 26 2
19 26 2
19 26 2
19 25 1
19 25 1
19 25 1
18 25 1
18 25 0
18 25 0
18 24 0
18 24 0
17 24 0
17 24 0
17 24 0
17 23 0
17 23 0
16 23 0
17 24 0
17 24 0
17 24 0
17 23 0
18 24 0
17 24 0
18 25 1
18 25 1
18 24 1
18 24 0
18 24 0
17 24 0
18 25 1
18 25 0
19 25 1
19 25 1
19 26 2
19 26 1
19 26 1
20 26 2
20 26 2
20 27 3
20 27 2
21 28 3
21 28 3
22 28 4
22 28 3
22 29 4
22 29 4
22 29 4
22 28 4
23 29 4
22 29 4
23 30 5
23 30 5
23 30 4
23 29 4
23 29 4
22 29 4
22 29 3
22 29 3
23 29 4
23 29 4
23 30 5
23 30 4
24 31 5
24 31 5
24 30 5
23 30 5
23 30 4
26 33 7
26 33 7
26 32 7
25 32 6
25 32 6
25 32 6
26 33 7
26 33 6
26 32 6
25 32 6
26 33 7
27 34 8
28 35 8
29 35 9
28 35 9
28 35 9
29 36 9
29 36 9
29 36 9
30 36 10
29 36 9
29 36 9
29 36 9
29 36 9
29 35 9
29 36 9
29 36 9
30 37 10
30 37 10
30 36 9
29 36 9
29 36 9
29 36 9
29 36 9
29 36 8
30 36 9
29 36 9
29 36 9
29 36 8
29 36 8
29 35 8
29 36 9
29 36 9
30 37 9
30 37 9
31 38 10
31 38 11
32 39 11
33 40 12
33 40 12
33 40 12
32 39 11
32 39 11
32 39 11
32 39 11
32 39 11
32 40 11
32 39 11
33 40 12
33 40 12
34 41 12
33 41 12
33 40 12
33 40 12
33 40 12
33 40 11
33 40 11
32 40 11
32 39 11
32 39 10
32 39 10
32 39 10
31 39 10
31 38 9
31 38 9
32 39 10
32 39 10
32 40 11
32 40 10
32 39 10
32 39 10
32 39 10
33 40 10
32 40 10
32 39 10
32 39 10
32 39 9
32 39 9
31 39 9
31 39 9
31 38 9
31 38 8
31 38 8
31 38 8
30 38 8
30 37 7
30 37 7
30 37 7
30 37 7
30 38 8
30 38 7
30 37 7
30 37 7
31 38 8
31 38 7
30 38 7
31 38 8
31 38 8
31 38 8
31 38 7
33 40 9
32 39 9
32 39 9
32 39 8
33 40 9
33 40 9
32 40 9
32 39 8
32 39 8
32 39 8
32 39 8
31 39 8
31 38 7
31 38 7
31 38 7
31 38 7
31 38 6
31 39 7
31 38 7
32 39 8
32 39 8
32 39 7
33 40 8
32 39 8
32 39 8
33 40 8
33 40 8
33 40 8
32 40 8
32 39 8
32 39 7
32 39 7
32 39 7
32 39 7
31 38 6
31 38 6
31 38 6
31 38 6
31 38 5
30 37 5
30 37 5
30 37 5
30 37 5
30 37 4
29 36 4
29 36 4
29 36 4
29 36 3
29 36 3
28 36 3
28 35 3
28 35 3
28 35 2
29 36 3
29 36 3
28 35 3
28 35 2
29 36 3
29 36 3
30 37 4
30 37 3
29 36 3
30 37 4
30 37 4
30 37 4
30 37 3
30 36 3
29 36 3
29 36 3
30 37 3
30 37 3
31 37 4
30 37 4
30 37 3
30 37 3
30 37 3
30 36 3
29 36 3
29 36 2
29 36 2
29 36 2
28 36 2
28 35 1
29 36 2
29 36 2
29 36 2
30 37 3
32 38 4
31 38 4
31 38 4
32 39 5
32 39 4
31 39 4
31 38 4
31 38 4
31 38 4
31 38 3
30 38 3
30 37 3
30 37 3
30 37 2
30 37 2
30 37 2
29 37 2
29 36 1
29 36 1
29 36 1
29 36 1
28 36 1
28 35 0
29 36 1
30 37 2
30 37 2
30 37 1
29 36 1
29 36 1
29 36 1
29 36 0
29 36 0
29 37 1
29 36 1
29 36 1
30 37 1
30 37 1
29 37 1
29 36 1
30 37 1
30 37 1
32 39 3
32 39 3
31 39 3
31 38 2
31 38 2
31 38 2
31 38 2
30 38 1
31 38 2
31 38 2
31 38 2
31 38 1
31 38 1
30 38 1
30 37 1
30 37 1
30 37 0
31 38 1
31 38 1
30 37 1
30 37 0
30 37 0
30 37 0
30 37 0
31 37 0
30 37 0
30 37 0
31 38 1
31 38 1
31 38 0
32 38 1
32 39 2
32 39 2
32 39 1
32 39 1
32 38 1
32 39 2
32 39 2
32 39 1
32 39 1
33 40 2
32 39 2
33 40 2
33 40 2
33 40 2
33 40 2
33 39 2
32 39 1
32 39 1
32 39 1
32 39 1
31 39 0
31 38 0
32 39 1
33 40 2
33 40 2
32 40 1
32 39 1
32 39 1
32 39 1
33 40 1
32 40 1
32 39 1
33 40 2
33 40 1
33 40 1
32 40 1
33 41 2
33 40 2
34 41 2
34 41 2
34 41 2
33 41 2
33 41 1
33 40 1
34 41 2
34 41 2
33 41 1
34 42 2
34 41 2
34 41 2
34 41 2
34 41 1
34 42 2
34 42 2
34 41 2
34 41 1
35 42 2
34 42 2
34 42 2
34 42 2
35 42 2
35 42 2
35 42 2
34 42 2
34 42 1
34 41 1
35 42 2
35 42 2
34 42 2
34 42 1
34 41 1
35 42 2
35 42 2
35 43 2
36 44 3
36 44 3
37 44 4
37 44 3
37 44 3
36 44 3
36 44 3
36 43 3
36 43 2
38 45 4
37 45 4
37 45 4
37 45 3
37 44 3
37 44 3
36 44 3
36 44 3
36 44 2
36 43 2
36 43 2
36 44 3
36 44 2
36 44 2
36 44 2
36 43 2
35 43 1
35 43 1
35 43 1
35 43 1
35 42 1
35 43 1
35 43 1
35 43 1
36 44 2
36 44 1
35 43 1
35 43 1
35 43 1
36 44 2
36 44 1
35 43 1
35 43 1
35 43 1
35 43 0
36 44 1
37 45 2
36 44 2
37 45 3
37 45 2
38 46 3
38 46 3
39 47 4
38 46 3
38 46 3
38 46 3
38 46 3
38 46 2
38 46 3
39 47 4
40 48 5
40 48 5
41 49 5
40 48 5
41 49 6
41 49 6
41 49 5
41 49 5
41 49 5
40 48 5
40 48 5
40 48 4
41 49 5
41 49 5
40 48 5
40 48 4
40 48 4
40 48 4
40 48 4
39 48 3
40 48 4
40 48 4
40 48 4
42 50 6
41 50 5
41 49 5
41 49 5
41 49 5
41 49 4
41 49 4
41 50 5
41 49 5
41 49 5
41 49 4
41 49 4
42 50 5
43 51 7
43 51 6
43 51 6
43 51 6
43 51 6
43 51 5
42 50 5
43 51 6
43 51 6
43 51 6
43 51 5
43 50 5
42 50 5
42 50 5
42 50 4
42 50 4
42 49 4
42 49 4
42 50 5
42 50 4
42 50 4
43 51 5
43 50 5
42 50 4
43 51 5
44 52 6
44 52 6
44 51 5
45 52 6
44 52 6
44 52 6
44 52 6
44 52 5
45 52 6
45 52 6
45 53 7
45 53 6
45 53 6
45 53 6
44 52 6
44 52 5
44 52 5
44 52 5
44 52 5
44 51 5
44 51 4
43 51 4
43 51 4
43 51 4
43 50 3
43 50 3
43 51 4
43 51 4
43 51 3
43 51 3
43 50 3
42 50 3
42 50 3
42 50 2
42 50 2
42 49 2
43 50 3
43 50 2
43 51 3
43 51 3
43 51 3
43 50 3
42 50 2
42 50 2
43 51 3
43 51 3
43 50 2
42 50 2
42 50 2
43 51 3
43 51 3
43 50 2
45 52 4
44 52 4
44 52 4
44 52 3
44 52 3
44 51 3
43 51 3
43 51 2
43 51 2
43 51 2
43 50 2
42 50 2
42 50 1
42 50 1
42 50 1
45 52 4
44 52 3
44 52 3
45 53 4
45 53 4
45 53 3
45 52 3
44 52 3
44 52 3
44 52 3
44 52 2
44 52 2
43 51 2
43 51 2
43 51 1
45 53 3
45 53 3
45 52 3
45 53 4
45 53 3
45 53 3
45 53 3
45 52 3
45 52 2
45 53 3
45 53 3
45 53 3
45 53 2
45 52 2
46 54 4
46 54 4
46 54 4
47 55 4
47 54 4
46 54 4
46 54 4
46 54 3
46 54 3
46 54 3
45 53 3
45 53 3
45 53 2
45 53 2
45 53 2
44 52 2
44 52 1
46 54 3
47 55 4
48 56 5
48 55 5
47 55 4
47 55 4
47 55 4
47 55 4
47 55 3
47 54 3
47 55 4
47 55 4
48 56 4
48 56 4
48 56 4
47 55 4
47 55 4
47 55 3
47 55 3
47 55 3
47 55 4
47 55 3
47 55 3
47 55 3
49 57 5
51 59 7
51 58 6
51 59 7
52 60 8
52 60 8
52 60 7
51 59 7
51 59 7
51 59 7
51 59 6
51 59 6
50 59 6
51 59 7
51 59 7
51 59 6
51 59 6
51 59 6
50 58 6
50 58 5
50 58 5
50 58 5
50 58 5
49 57 5
49 57 4
49 57 4
49 57 4
50 58 5
49 58 4
49 57 4
49 57 4
49 57 4
49 57 3
48 57 3
49 57 4
49 57 4
49 57 4
49 57 3
48 57 3
48 57 3
48 56 3
48 56 2
48 56 2
47 56 2
47 56 2
47 55 1
47 55 1
47 55 1
46 55 1
46 55 1
46 55 0
46 54 0
47 55 1
47 55 1
46 55 0
46 55 0
46 54 0
46 54 0
46 54 0
46 54 0
45 54 0
45 54 0
45 53 0
45 53 0
46 54 0
47 55 1
46 55 1
46 54 1
46 54 0
46 54 0
46 54 0
46 54 0
45 53 0
45 53 0
45 53 0
46 54 0
47 55 1
46 55 1
46 54 1
47 55 2
48 56 2
49 57 3
48 57 3
48 56 3
48 56 2
48 56 2
48 56 2
47 56 2
47 55 1
47 55 1
48 56 2
48 56 2
48 57 3
50 58 4
50 58 4
50 58 4
50 58 4
49 58 3
49 58 3
49 57 3
49 57 3
49 57 3
48 57 2
48 57 2
48 56 2
49 57 3
49 57 2
48 57 2
49 58 3
49 57 3
49 57 2
50 58 3
49 58 3
49 58 3
49 58 3
49 57 2
49 57 2
48 57 2
48 57 2
48 57 1
48 56 1
48 56 1
47 56 1
47 56 0
47 56 0
47 56 0
47 55 0
46 55 0
46 55 0
46 55 0
46 55 0
46 54 0
45 54 0
45 54 0
45 54 0
45 54 0
45 54 0
45 53 0
45 53 0
44 53 0
45 54 0
45 54 0
45 53 0
45 53 0
45 53 0
44 53 0
44 53 0
44 53 0
45 53 0
45 53 0
44 53 0
44 53 0
44 53 0
44 52 0
45 53 0
45 53 0
44 53 0
45 54 1
45 54 0
45 53 0
45 53 0
45 53 0
44 53 0
44 53 0
44 53 0
44 52 0
44 52 0
44 52 0
44 53 0
44 53 0
44 52 0
45 53 1
46 54 1
45 54 1
45 54 1
46 55 2
46 54 1
46 54 1
46 54 1
46 55 2
46 55 2
46 54 1
46 54 1
46 54 1
46 54 1
46 55 1
46 55 1
46 54 1
46 54 1
46 54 1
46 54 0
45 54 0
45 53 0
45 53 0
45 53 0
45 53 0
45 53 0
44 53 0
44 52 0
44 52 0
44 52 0
44 52 0
43 52 0
43 51 0
43 51 0
43 51 0
43 51 0
42 51 0
42 50 0
42 50 0
42 50 0
42 50 0
42 50 0
42 50 0
41 49 0
41 49 0
41 49 0
41 49 0
42 50 0
41 49 0
41 49 0
41 49 0
41 49 0
41 49 0
40 48 0
40 48 0
40 48 0
40 48 0
40 48 0
39 48 0
39 47 0
39 47 0
39 47 0
39 47 0
38 47 0
38 46 0
38 46 0
38 46 0
38 46 0
37 46 0
37 45 0
38 46 0
38 46 0
38 46 0
37 46 0
37 45 0
38 46 0
38 46 0
38 46 0
38 46 0
37 46 0
37 45 0
37 45 0
37 45 0
38 46 0
37 46 0
37 45 0
38 46 1
38 46 0
38 46 0
37 46 0
37 46 0
37 45 0
37 45 0
37 45 0
36 45 0
36 45 0
36 44 0
36 44 0
36 44 0
36 44 0
35 44 0
35 43 0
35 43 0
35 43 0
35 43 0
35 43 0
34 43 0
34 42 0
35 43 0
36 44 1
36 44 1
36 44 1
35 43 0
36 44 1
36 44 1
37 45 2
37 45 2
36 45 1
36 44 1
36 44 1
36 44 1
36 44 0
36 45 1
37 45 2
37 45 2
37 45 1
37 45 1
36 45 1
36 45 1
37 45 2
37 45 1
37 45 1
36 45 1
36 45 1
36 44 0
36 44 0
36 44 0
36 44 0
35 44 0
35 44 0
35 43 0
35 43 0
35 43 0
35 43 0
34 43 0
34 42 0
34 42 0
34 42 0
34 42 0
33 42 0
33 42 0
33 41 0
33 41 0
33 42 0
34 43 1
35 44 2
35 44 2
35 43 2
34 43 1
34 43 1
34 43 1
34 43 1
34 42 0
33 42 0
33 42 0
33 42 0
33 42 0
34 42 0
33 42 0
34 43 1
34 43 1
34 43 0
34 43 0
33 42 0
33 42 0
33 42 0
33 42 0
33 42 0
32 42 0
32 41 0
33 42 0
33 42 0
33 42 0
32 42 0
33 42 0
33 42 0
33 42 0
33 42 0
32 42 0
32 42 0
32 41 0
32 41 0
33 42 0
32 42 0
32 42 0
32 42 0
33 42 0
33 42 0
33 42 0
32 42 0
32 42 0
32 41 0
32 41 0
32 41 0
32 41 0
31 41 0
32 42 0
32 41 0
32 41 0
32 41 0
32 41 0
33 42 0
32 41 0
33 42 1
33 42 1
33 42 0
33 42 0
33 41 0
32 41 0
33 42 1
33 42 0
33 42 0
33 42 0
32 41 0
32 41 0
32 41 0
32 41 0
32 41 0
31 41 0
31 40 0
31 40 0
31 40 0
31 40 0
30 40 0
30 39 0
30 39 0
30 39 0
30 39 0
29 39 0
29 39 0
29 38 0
29 38 0
29 38 0
29 38 0
28 38 0
30 39 1
30 39 1
30 39 1
30 39 1
29 39 0
29 38 0
29 38 0
29 38 0
28 38 0
28 38 0
28 38 0
28 37 0
28 37 0
27 37 0
28 38 0
28 38 0
28 37 0
28 37 0
27 37 0
27 37 0
27 37 0
27 37 0
27 36 0
26 36 0
26 36 0
26 36 0
26 36 0
27 36 0
26 36 0
26 36 0
26 36 0
26 36 0
26 35 0
26 35 0
25 35 0
25 35 0
25 35 0
26 36 0
26 35 0
25 35 0
25 35 0
26 36 0
27 37 1
27 37 1
26 36 1
26 36 1
26 36 0
26 36 0
26 36 0
26 35 0
25 35 0
25 35 0
25 35 0
25 35 0
25 35 0
25 34 0
26 35 0
25 35 0
25 35 0
26 36 1
26 36 1
26 35 0
26 35 0
25 35 0
25 35 0
25 35 0
25 34 0
25 34 0
24 34 0
25 35 0
25 35 0
25 35 0
25 34 0
25 34 0
25 35 0
25 35 0
25 35 0
25 34 0
26 35 1
25 35 0
25 35 0
25 35 0
26 35 1
26 35 0
26 35 0
25 35 0
26 36 1
27 36 1
28 37 2
29 38 3
28 38 3
28 38 3
28 38 2
28 37 2
29 38 3
28 38 3
28 38 2
28 38 2
28 37 2
28 37 2
28 37 1
28 37 1
27 37 1
27 37 1
27 36 1
27 36 0
27 36 0
27 36 0
26 36 0
26 35 0
26 35 0
26 35 0
26 35 0
26 35 0
25 34 0
25 34 0
25 34 0
25 34 0
25 34 0
24 34 0
24 33 0
25 34 0
25 34 0
25 34 0
24 34 0
24 33 0
24 33 0
24 33 0
24 33 0
24 33 0
23 33 0
24 33 0
24 33 0
24 33 0
24 33 0
23 33 0
23 32 0
23 32 0
23 32 0
23 32 0
22 32 0
23 32 0
23 32 0
23 32 0
24 33 1
24 33 0
24 34 1
24 33 1
24 33 1
24 33 1
24 33 0
24 33 0
24 33 1
24 33 1
24 33 0
24 33 0
24 33 0
23 33 0
23 32 0
23 32 0
23 32 0
23 32 0
23 32 0
22 32 0
22 31 0
23 32 0
23 32 0
23 32 0
22 32 0
22 31 0
22 31 0
22 31 0
22 31 0
21 31 0
21 30 0
21 30 0
21 30 0
21 30 0
20 30 0
20 30 0
21 30 0
22 31 1
22 31 1
22 31 1
21 31 1
22 31 1
22 31 1
22 31 1
22 31 1
22 31 0
21 31 0
22 31 1
22 31 1
22 31 1
22 31 0
23 32 1
22 31 1
22 31 1
22 31 0
22 31 0
23 32 1
23 31 1
23 32 1
23 32 1
23 32 1
24 33 2
25 33 3
25 33 2
24 33 2
24 33 2
24 33 2
24 33 1
24 32 1
23 32 1
23 32 1
24 33 1
25 34 2
26 34 3
25 34 3
25 34 3
25 34 2
25 34 2
25 33 2
26 34 3
25 34 2
25 34 2
25 34 2
25 34 2
25 33 2
26 34 2
25 34 2
25 34 2
25 34 2
25 34 1
24 33 1
24 33 1
24 33 1
24 33 1
24 33 0
23 32 0
23 32 0
24 33 1
24 33 0
25 34 1
25 35 2
26 35 3
27 36 4
28 37 4
28 37 4
27 37 4
27 37 4
27 36 3
27 36 3
27 36 3
27 36 3
26 36 3
26 35 2
26 35 2
26 35 2
27 36 3
26 36 2
26 35 2
26 35 2
27 36 3
27 36 2
27 37 3
28 38 4
28 37 4
28 37 4
28 37 3
27 37 3
28 38 4
28 37 4
28 37 3
28 37 3
29 38 4
29 39 5
30 40 5
30 39 5
30 39 5
30 40 6
30 40 6
30 40 5
30 39 5
30 39 5
29 39 5
29 39 4
30 40 5
30 40 5
30 39 5
29 39 5
29 39 4
29 39 4
29 39 4
29 38 4
28 38 3
29 39 4
31 41 6
31 41 6
31 41 5
30 40 5
30 40 5
30 40 5
30 40 5
31 41 5
32 41 6
31 41 6
31 41 6
31 41 5
31 41 5
31 40 5
31 40 5
30 40 5
30 40 4
31 41 5
31 41 5
31 40 5
31 40 4
31 41 5
31 41 5
31 41 5
32 42 5
32 41 5
32 41 5
32 42 6
32 42 6
32 42 5
32 41 5
33 42 6
33 43 7
33 43 6
33 43 6
33 43 6
34 43 7
33 43 7
33 43 6
33 43 6
33 43 6
33 42 6
32 42 5
32 42 5
32 42 5
32 42 5
32 42 4
31 41 4
31 41 4
31 41 4
31 41 4
32 42 4
31 41 4
31 41 4
31 41 4
31 41 3
32 42 4
32 41 4
32 42 5
32 42 4
32 42 4
33 43 5
33 43 5
34 43 6
33 43 5
33 43 5
33 43 5
33 43 5
33 43 4
34 43 5
33 43 5
33 43 5
33 43 5
33 43 4
33 42 4
32 42 4
32 42 4
32 42 3
33 43 4
32 43 4
32 42 4
32 42 3
32 42 3
32 42 3
31 42 3
31 41 3
31 41 2
31 41 2
31 41 2
31 41 2
30 41 1
30 40 1
30 40 1
30 40 1
30 40 1
30 41 1
30 40 1
31 41 2
31 41 2
32 42 2
31 42 2
31 42 2
31 41 2
31 41 1
31 41 1
31 41 1
30 41 1
30 41 1
30 40 0
30 40 0
30 40 0
30 41 1
31 42 1
31 41 1
31 41 1
31 41 1
31 42 1
31 42 1
31 42 1
31 41 1
31 41 1
32 42 1
32 43 2
32 43 2
32 43 2
32 42 1
32 42 1
31 42 1
32 43 2
33 44 3
33 43 2
33 43 2
32 43 2
32 43 2
32 43 1
32 43 1
32 42 1
32 42 1
31 42 1
31 42 0
31 42 0
31 41 0
32 42 1
32 42 0
31 42 0
31 42 0
32 43 1
33 43 1
33 43 1
32 43 1
32 43 1
32 43 1
32 42 0
32 42 0
31 42 0
31 42 0
31 42 0
31 41 0
31 41 0
30 41 0
30 41 0
30 41 0
30 41 0
31 41 0
31 41 0
30 41 0
30 41 0
30 41 0
31 41 0
31 41 0
30 41 0
30 41 0
31 42 1
31 41 0
31 41 0
30 41 0
30 41 0
31 42 0
31 42 0
31 41 0
31 42 1
31 42 0
31 42 0
31 42 0
31 42 0
31 41 0
30 41 0
30 41 0
31 42 0
31 42 0
31 42 0
30 41 0
30 41 0
30 41 0
30 41 0
30 41 0
29 40 0
29 40 0
29 40 0
29 40 0
29 40 0
28 39 0
28 39 0
28 39 0
28 39 0
27 39 0
28 40 0
28 39 0
28 39 0
28 39 0
29 40 0
30 41 1
29 40 1
29 40 1
29 40 1
29 40 0
28 40 0
29 41 1
29 40 1
29 40 0
29 40 0
30 41 1
30 41 1
29 40 1
29 40 0
29 40 0
29 40 0
29 40 0
29 40 0
30 41 1
30 41 1
30 41 1
30 41 1
29 41 0
29 40 0
29 40 0
29 40 0
29 40 0
28 40 0
28 39 0
28 39 0
29 40 0
29 40 0
29 41 1
29 41 1
30 41 2
31 42 2
31 42 2
30 42 2
30 42 2
31 43 2
31 42 2
31 42 2
31 42 2
30 42 2
30 42 1
30 41 1
30 41 1
30 41 1
29 41 0
29 41 0
29 41 0
29 40 0
29 40 0
29 40 0
28 40 0
28 40 0
28 39 0
29 40 0
29 40 0
28 40 0
28 40 0
28 40 0
29 40 0
29 40 0
28 40 0
28 40 0
28 40 0
29 40 0
29 41 1
29 41 1
29 41 1
29 41 0
31 43 2
31 42 2
31 42 2
30 42 2
30 42 1
30 42 1
30 41 1
30 41 1
29 41 0
29 41 0
29 41 0
29 41 0
30 41 0
29 41 0
29 41 0
29 41 0
29 41 0
29 40 0
29 40 0
29 41 0
29 41 0
29 41 0
29 41 0
29 40 0
28 40 0
28 40 0
28 40 0
30 42 1
31 43 2
30 42 2
31 43 3
31 43 3
31 43 2
30 43 2
30 42 2
30 42 2
30 42 1
30 42 1
29 42 1
29 42 1
29 41 1
29 41 0
30 42 1
30 42 1
29 42 1
30 42 1
30 42 1
30 42 1
30 42 1
29 42 0
29 42 0
29 41 0
30 42 1
30 42 1
29 42 0
29 42 0
29 41 0
29 41 0
30 42 0
30 42 0
29 42 0
29 42 0
29 41 0
30 42 0
30 42 0
29 42 0
30 43 1
31 43 1
31 43 1
32 44 2
32 45 3
32 45 3
32 45 2
32 44 2
33 45 3
32 45 3
33 46 3
33 46 3
34 46 4
35 47 5
35 47 4
35 48 5
35 48 5
35 48 5
35 47 5
37 49 6
37 50 7
37 50 7
37 50 7
37 49 6
37 49 6
38 50 7
37 50 7
37 50 6
37 50 6
37 49 6
37 49 6
36 49 6
36 49 5
38 51 7
38 50 7
38 50 7
37 50 6
37 50 6
37 50 6
37 50 6
37 49 6
36 49 5
36 49 5
37 50 6
37 50 6
38 51 6
38 50 6
37 50 6
37 50 6
37 50 5
37 50 5
37 49 5
37 50 6
37 50 6
37 50 5
37 50 5
37 50 5
37 49 5
37 50 5
37 50 5
37 50 5
37 50 5
37 49 4
37 49 4
36 49 4
36 49 4
36 49 4
36 48 3
36 48 3
36 48 3
35 48 3
37 50 4
38 51 5
38 50 5
38 50 5
38 50 5
39 51 5
38 51 5
39 52 6
39 51 6
39 51 5
38 51 5
38 51 5
38 51 5
38 50 5
38 50 4
37 50 4
38 51 5
38 51 5
39 51 5
39 51 5
38 51 5
38 51 5
38 51 4
38 51 4
38 50 4
37 50 4
37 50 4
37 50 3
37 50 3
37 49 3
36 49 3
36 49 2
37 50 3
38 51 4
37 51 4
37 50 3
38 51 4
38 51 4
38 51 4
37 51 4
37 50 3
37 50 3
37 50 3
37 50 3
37 50 2
36 50 2
37 50 3
37 50 3
37 50 3
38 51 3
37 51 3
37 50 3
38 51 4
38 51 3
38 51 3
38 51 3
37 51 3
37 50 3
37 50 2
37 50 2
37 50 2
36 50 2
36 50 1
36 49 1
36 49 1
36 49 1
36 49 0
36 50 1
36 49 1
36 49 1
36 49 1
36 49 0
36 49 0
36 50 1
36 49 1
36 49 0
36 49 0
36 49 0
37 50 1
36 49 0
37 50 1
38 51 2
38 51 2
38 51 2
39 52 2
38 51 2
39 52 3
40 53 4
40 53 3
40 53 3
39 52 3
39 52 3
39 52 2
41 54 4
43 56 6
42 56 6
42 55 6
42 55 5
42 55 5
42 55 5
41 55 5
41 54 4
41 54 4
42 55 5
42 55 5
42 55 5
41 55 4
41 54 4
41 54 4
41 54 4
41 54 3
41 55 4
41 54 4
41 54 4
41 54 3
41 54 3
41 55 4
41 55 4
41 54 4
41 54 3
41 54 3
40 54 3
40 54 3
40 53 2
40 53 2
40 53 2
40 54 3
40 54 2
40 54 2
40 53 2
40 53 2
40 54 3
40 54 2
40 54 2
40 54 2
40 53 2
39 53 1
39 53 1
39 53 1
39 53 1
39 52 1
38 52 0
38 52 0
38 52 0
38 52 0
38 52 0
38 51 0
37 51 0
37 51 0
37 51 0
37 51 0
37 50 0
37 51 0
37 51 0
37 51 0
37 51 0
38 52 0
37 51 0
38 52 1
38 52 1
38 52 1
38 52 0
37 52 0
37 51 0
37 51 0
37 51 0
37 51 0
36 51 0
36 50 0
36 50 0
36 50 0
36 50 0
35 50 0
35 50 0
35 49 0
35 49 0
35 49 0
35 50 0
35 50 0
35 49 0
35 49 0
35 49 0
34 49 0
34 49 0
35 49 0
35 49 0
34 49 0
34 49 0
37 52 3
38 53 3
38 52 3
37 52 3
38 53 4
38 53 3
38 53 3
38 53 3
37 52 3
37 52 3
37 52 2
38 53 3
38 53 3
37 52 3
37 52 2
37 52 2
38 53 3
38 53 3
37 52 2
37 52 2
37 52 2
38 53 3
39 54 4
38 54 3
38 53 3
38 53 3
38 53 3
38 53 2
37 53 2
39 55 4
39 54 4
39 54 4
39 54 3
39 54 3
38 54 3
39 54 4
39 54 3
39 54 3
39 54 3
38 54 3
38 54 2
38 53 2
39 54 3
39 54 3
39 55 4
39 55 3
39 54 3
40 55 4
40 55 4
39 55 3
41 57 5
41 57 5
41 56 5
41 56 5
41 56 4
40 56 4
40 56 4
40 56 4
40 55 3
39 55 3
40 56 4
40 56 4
40 56 3
40 55 3
40 55 3
39 55 3
39 55 3
39 55 2
39 55 2
39 54 2
39 54 2
38 54 1
38 54 1
38 54 1
38 53 1
37 53 1
37 53 0
37 53 0
37 53 0
37 53 0
37 52 0
37 52 0
36 52 0
36 52 0
36 52 0
36 51 0
36 51 0
36 51 0
35 51 0
35 51 0
35 51 0
36 51 0
35 51 0
35 51 0
35 51 0
36 52 0
36 51 0
36 51 0
36 52 1
36 52 1
36 52 0
36 51 0
36 51 0
35 51 0
35 51 0
35 51 0
35 50 0
35 50 0
35 50 0
34 50 0
34 50 0
34 50 0
34 49 0
34 49 0
34 50 0
34 50 0
34 50 0
34 50 0
35 50 0
35 50 0
34 50 0
34 50 0
34 50 0
34 49 0
34 49 0
34 50 0
34 50 0
34 50 0
34 49 0
34 49 0
33 49 0
33 49 0
33 49 0
33 49 0
33 48 0
33 48 0
33 49 0
33 49 0
33 49 0
33 48 0
33 48 0
32 48 0
32 48 0
32 48 0
32 47 0
32 47 0
31 47 0
31 47 0
31 47 0
31 47 0
31 46 0
31 46 0
30 46 0
30 46 0
30 46 0
30 45 0
30 45 0
30 46 0
30 46 0
31 47 1
31 47 1
31 46 0
30 46 0
30 46 0
30 46 0
31 47 1
32 48 1
31 47 1
31 47 1
31 47 1
31 47 0
31 47 0
30 46 0
30 46 0
30 46 0
30 46 0
30 46 0
29 46 0
29 45 0
29 45 0
29 45 0
29 45 0
29 45 0
29 44 0
28 44 0
28 44 0
28 44 0
28 44 0
28 43 0
28 43 0
27 43 0
27 43 0
27 43 0
27 43 0
28 43 0
27 43 0
27 43 0
27 43 0
27 43 0
27 43 0
26 42 0
26 42 0
26 42 0
27 43 0
27 43 0
26 42 0
26 42 0
26 42 0
27 43 0
27 43 0
27 43 0
26 42 0
26 42 0
26 42 0
26 42 0
25 42 0
25 41 0
25 41 0
25 41 0
25 41 0
24 41 0
24 41 0
24 40 0
24 40 0
24 40 0
24 40 0
23 40 0
23 39 0
23 39 0
23 39 0
23 39 0
23 39 0
23 39 0
23 39 0
23 39 0
24 40 1
24 40 1
23 40 0
24 40 1
24 40 1
24 40 1
24 40 0
24 40 0
25 42 2
25 41 2
25 41 2
25 41 1
25 41 1
26 42 2
25 41 2
25 41 1
25 41 1
25 41 1
24 41 1
27 43 4
27 43 3
27 43 3
27 43 3
27 44 4
27 44 3
27 43 3
29 45 5
29 45 5
30 46 5
29 46 5
29 46 5
29 45 5
29 45 5
29 45 4
28 45 4
29 46 5
29 45 5
29 45 4
29 45 4
29 45 4
28 45 4
28 44 4
30 46 5
30 46 5
30 46 5
29 46 5
31 48 6
31 47 6
31 47 6
31 47 6
31 47 5
32 49 7
33 49 8
33 49 8
33 49 8
33 49 7
32 49 7
32 49 7
32 48 7
32 48 7
32 48 6
32 48 6
31 48 6
31 47 6
31 47 5
31 47 5
31 47 5
31 47 5
30 47 5
30 46 4
30 46 4
30 46 4
30 46 4
29 46 3
29 45 3
29 45 3
29 45 3
29 45 2
28 45 2
28 44 2
28 44 2
28 44 2
28 44 1
27 44 1
27 43 1
27 43 1
27 43 0
27 43 0
28 44 1
28 45 2
28 44 1
28 44 1
28 44 1
28 44 1
27 44 1
28 44 1
29 45 2
29 45 2
30 46 3
30 46 3
29 46 2
29 45 2
29 45 2
29 45 2
29 45 1
29 45 1
29 46 2
29 45 2
29 45 1
30 46 2
30 46 2
30 46 2
29 45 2
29 45 1
29 45 1
30 46 2
30 46 2
29 45 1
29 45 1
29 45 1
29 45 1
29 46 1
30 47 2
30 46 2
30 46 2
30 46 2
30 46 1
29 46 1
29 45 1
29 45 1
29 45 0
31 47 2
31 47 2
30 47 2
30 46 2
30 46 1
30 46 1
29 46 1
29 46 1
29 45 0
29 45 0
29 45 0
28 45 0
28 45 0
28 45 0
28 44 0
28 44 0
27 44 0
27 44 0
29 46 1
29 46 1
29 45 1
28 45 1
28 45 0
28 45 0
28 45 0
29 46 1
28 45 0
28 45 0
28 45 0
29 46 1
29 46 1
29 45 0
28 45 0
28 45 0
29 46 1
29 46 0
29 46 0
28 45 0
28 45 0
28 45 0
28 45 0
28 45 0
27 44 0
27 44 0
27 44 0
27 44 0
27 44 0
26 43 0
26 43 0
26 43 0
26 43 0
26 43 0
25 43 0
25 42 0
25 42 0
25 42 0
25 42 0
25 42 0
25 41 0
24 41 0
25 42 0
25 42 0
25 42 0
25 42 0
24 41 0
24 41 0
24 41 0
24 41 0
24 41 0
24 40 0
24 41 0
25 42 1
25 42 1
25 42 1
25 42 0
25 41 0
24 41 0
25 42 1
25 42 0
25 42 0
25 41 0
25 41 0
24 41 0
24 41 0
24 41 0
24 40 0
24 40 0
24 40 0
23 40 0
23 40 0
23 40 0
23 39 0
23 39 0
23 39 0
22 39 0
22 39 0
22 38 0
22 38 0
22 38 0
22 38 0
21 38 0
22 39 0
22 38 0
22 38 0
24 40 2
24 40 1
24 41 2
25 41 3
26 42 4
26 42 4
26 42 3
25 42 3
26 43 4
26 42 4
26 42 3
26 42 3
26 42 3
26 43 4
27 43 5
28 44 5
29 45 6
29 45 6
29 46 7
29 46 6
29 45 6
30 46 7
30 46 7
30 46 6
29 46 6
29 46 6
29 45 6
29 45 6
29 45 5
28 45 5
28 45 5
29 45 6
30 46 6
31 47 7
32 49 9
32 49 9
32 48 8
32 48 8
33 49 9
32 49 9
32 49 9
32 49 8
32 48 8
32 48 8
32 48 8
31 48 7
31 48 7
32 48 8
32 48 8
32 48 8
31 48 7
32 49 8
32 49 8
33 49 9
33 49 8
32 49 8
32 49 8
32 49 8
33 49 8
33 49 8
33 49 8
33 50 9
33 50 9
36 52 11
36 52 11
36 52 11
36 52 11
35 52 10
35 52 10
35 51 10
35 51 10
35 51 9
35 51 9
34 51 9
35 51 10
36 52 11
36 52 10
37 53 11
36 53 11
36 53 11
37 53 11
37 53 11
38 54 12
38 54 12
39 56 14
40 56 14
40 56 14
40 56 14
40 56 14
40 56 13
39 56 13
39 55 13
39 55 13
39 55 13
39 55 12
38 55 12
38 55 12
38 54 12
38 54 11
38 54 11
37 54 11
37 54 11
37 53 10
37 53 10
37 53 10
37 53 10
37 54 11
37 54 10
37 53 10
37 53 10
37 53 10
37 53 9
36 53 9
36 52 9
36 52 9
36 52 9
36 52 8
36 53 9
37 54 10
37 53 10
37 53 9
37 53 9
37 53 9
36 53 9
36 53 8
36 52 8
36 52 8
36 52 8
35 52 8
35 52 7
35 51 7
35 51 7
37 53 9
36 53 8
37 54 9
37 54 9
37 53 9
37 53 8
37 53 8
36 53 8
36 53 8
36 52 8
36 52 7
36 52 7
36 52 7
35 52 7
35 52 6
36 52 7
36 52 7
36 52 7
35 52 7
35 52 6
35 51 6
35 51 6
35 51 6
34 51 5
34 51 5
34 50 5
35 51 6
35 51 6
35 51 5
35 52 6
35 51 6
35 51 6
35 51 5
35 51 5
34 51 5
34 51 5
34 50 5
34 50 4
35 51 5
35 52 6
35 52 6
36 53 6
36 52 6
36 52 6
36 52 6
36 53 7
36 53 6
36 52 6
36 52 6
37 53 7
37 54 7
37 54 7
37 54 7
37 53 7
37 53 6
36 53 6
36 53 6
37 54 7
37 53 7
38 54 7
37 54 7
37 54 7
37 54 7
37 54 6
38 54 7
38 54 7
38 55 8
39 56 9
39 56 8
39 55 8
39 55 8
39 56 9
39 56 8
39 56 8
40 57 9
40 56 9
39 56 8
39 56 8
39 56 8
39 56 8
39 55 8
39 55 7
38 55 7
38 55 7
38 55 7
38 55 6
39 55 7
38 55 7
38 55 7
38 55 7
38 55 6
38 55 6
38 55 7
39 56 8
39 56 7
40 57 8
40 57 8
39 56 8
39 56 7
39 56 7
39 56 7
39 56 7
38 55 7
38 55 6
38 55 6
39 56 7
39 56 7
39 56 6
38 55 6
38 55 6
38 55 6
39 56 7
39 56 6
38 56 6
38 55 6
38 55 6
38 55 5
38 55 5
38 55 5
37 54 5
37 54 5
39 56 6
39 56 6
39 56 6
39 55 6
39 56 6
39 56 6
39 56 6
39 56 6
39 56 6
38 55 5
38 55 5
38 55 5
38 55 5
39 56 5
39 56 6
39 56 6
40 57 7
40 57 6
41 58 7
40 57 7
40 57 7
40 57 7
40 57 6
39 57 6
40 58 7
40 57 7
40 57 6
40 57 6
40 57 6
39 57 6
39 56 5
41 58 7
41 58 7
41 58 7
41 58 7
40 57 6
40 57 6
40 57 6
40 57 6
41 58 6
40 58 6
40 57 6
41 58 7
41 58 6
41 58 6
41 58 6
40 57 6
40 57 6
40 57 5
40 57 5
40 57 5
39 56 5
39 56 4
39 56 4
39 56 4
39 56 4
38 56 3
39 56 4
39 56 4
39 56 4
39 56 4
38 56 3
38 56 3
38 55 3
38 55 3
38 55 2
37 55 2
38 56 3
38 55 3
38 55 3
38 55 2
39 56 3
38 56 3
38 56 3
38 55 2
38 55 2
38 55 2
38 55 2
37 55 1
37 54 1
38 55 2
38 55 2
38 55 2
37 55 1
37 54 1
37 54 1
37 54 1
37 54 1
37 54 0
37 55 1
37 54 1
37 54 1
37 54 0
37 54 0
36 54 0
37 54 1
37 54 0
37 54 0
37 54 0
36 54 0
36 54 0
36 53 0
36 53 0
36 53 0
36 53 0
36 54 0
36 54 0
36 53 0
36 53 0
36 53 0
36 53 0
35 53 0
35 52 0
35 52 0
35 52 0
35 52 0
35 53 0
35 53 0
35 52 0
35 52 0
35 52 0
34 52 0
35 53 0
35 52 0
35 52 0
35 52 0
34 52 0
34 52 0
34 51 0
35 52 0
35 52 0
34 52 0
34 52 0
35 52 1
35 52 0
35 52 0
35 52 0
34 52 0
34 52 0
34 51 0
35 52 0
35 52 0
35 52 0
34 52 0
34 52 0
34 51 0
34 51 0
34 51 0
34 51 0
33 51 0
33 50 0
33 50 0
33 50 0
33 50 0
33 50 0
32 50 0
32 49 0
32 49 0
32 49 0
32 49 0
33 51 1
33 50 1
33 50 1
33 50 1
34 51 1
34 52 2
35 52 3
36 53 4
36 53 4
36 53 3
35 53 3
35 53 3
35 52 3
35 52 2
35 52 2
35 52 2
35 53 3
35 53 3
36 53 3
36 53 3
36 53 3
35 53 3
35 53 2
35 52 2
36 53 3
36 53 3
35 53 2
35 53 2
35 53 2
35 52 2
35 52 2
35 52 1
34 52 1
34 52 1
