0 0 0
0 0 0
0 0 0
0 0 0
0 0 0
0 0 0
0 0 0
0 0 0
0 0 0
0 0 0
0 0 0
0 0 0
1 1 0
0 1 0
0 0 0
1 1 1
2 2 2
1 2 1
1 2 1
1 1 1
1 1 1
1 1 0
2 2 1
2 2 1
1 2 1
1 1 1
2 2 1
2 2 1
2 2 1
2 2 1
1 1 0
2 2 1
2 2 1
2 2 1
2 2 1
1 2 0
1 1 0
1 1 0
1 1 0
1 1 0
0 1 0
0 0 0
0 0 0
0 0 0
0 0 0
1 1 0
0 1 0
0 0 0
0 0 0
0 0 0
1 1 0
0 1 0
0 0 0
0 0 0
0 0 0
0 1 0
0 1 0
0 1 0
0 0 0
0 0 0
0 0 0
0 0 0
0 0 0
1 2 1
1 1 1
1 1 1
1 1 1
1 1 0
0 1 0
0 0 0
0 0 0
0 0 0
0 0 0
0 0 0
0 0 0
0 0 0
0 0 0
0 0 0
0 0 0
0 0 0
0 0 0
1 1 1
1 1 1
1 1 0
0 0 0
1 1 1
1 1 1
2 2 1
3 3 2
2 2 2
2 2 2
3 3 3
3 3 2
3 3 2
3 3 2
2 2 2
2 2 1
2 2 1
3 3 2
3 3 2
3 2 1
2 2 1
2 2 1
2 2 1
2 2 1
2 2 0
1 1 0
1 1 0
1 1 0
1 1 0
1 1 0
0 0 0
0 0 0
0 0 0
0 0 0
0 0 0
0 0 0
0 0 0
0 0 0
0 0 0
0 0 0
0 0 0
0 0 0
0 0 0
1 1 0
1 0 0
0 0 0
0 0 0
0 0 0
0 0 0
0 0 0
0 0 0
0 0 0
0 0 0
0 0 0
0 0 0
0 0 0
0 0 0
0 0 0
0 0 0
0 0 0
0 0 0
0 0 0
0 0 0
0 0 0
0 0 0
0 0 0
0 0 0
0 0 0
0 0 0
0 0 0
0 0 0
0 0 0
1 1 1
1 1 1
1 1 1
1 1 0
0 0 0
2 2 2
2 2 2
2 2 1
2 2 1
2 1 1
1 1 1
1 1 1
1 1 0
2 2 1
1 2 1
2 2 2
2 2 1
3 3 2
4 4 3
4 4 3
3 3 2
3 3 2
3 3 2
3 3 2
3 3 2
2 3 1
2 2 1
3 3 2
3 3 2
3 3 1
3 3 1
2 2 1
2 2 1
2 2 0
2 2 0
2 2 0
2 1 0
1 1 0
2 2 0
2 2 0
2 2 0
3 3 1
3 3 1
3 3 1
3 3 1
3 3 1
2 3 1
2 2 0
2 2 0
2 2 0
2 2 0
2 2 0
3 3 0
2 2 0
2 2 0
2 2 0
2 2 0
1 2 0
2 3 0
2 2 0
3 3 1
3 3 1
2 3 0
2 3 0
2 2 0
3 3 1
4 4 1
3 4 1
3 4 1
4 4 2
5 5 3
5 5 2
4 5 2
4 5 2
5 6 3
5 5 2
6 6 3
5 6 3
5 6 3
6 7 4
7 8 4
7 7 4
6 7 4
7 8 5
7 8 4
7 8 4
7 7 4
7 7 4
6 7 4
6 7 3
6 7 3
6 7 3
6 6 3
5 6 2
6 7 3
6 7 3
6 7 3
6 6 3
5 6 2
5 6 2
5 6 2
5 6 2
6 7 2
5 6 2
5 6 2
5 6 2
5 6 2
4 6 1
4 5 1
4 5 1
4 5 1
4 5 0
3 5 0
3 5 0
3 4 0
4 5 0
4 5 0
4 5 0
3 5 0
4 5 1
4 5 0
5 6 1
5 6 1
5 6 1
4 6 0
4 5 0
4 5 0
4 5 0
4 5 0
4 5 0
3 4 0
3 4 0
3 4 0
3 4 0
3 4 0
2 3 0
4 5 1
4 5 1
4 5 1
4 5 1
4 5 0
3 4 0
3 4 0
3 4 0
4 5 1
4 5 0
3 5 0
3 4 0
3 4 0
3 4 0
3 4 0
3 5 0
3 4 0
3 4 0
3 4 0
3 4 0
3 4 0
2 4 0
2 3 0
2 3 0
2 3 0
1 3 0
1 3 0
1 2 0
2 3 0
2 3 0
2 3 0
2 3 0
1 3 0
1 2 0
1 2 0
1 2 0
1 2 0
0 2 0
1 2 0
1 2 0
1 2 0
2 3 1
1 3 0
1 3 0
2 3 1
3 4 2
3 4 1
2 4 1
2 4 1
2 3 1
2 3 1
2 3 0
2 3 0
1 3 0
1 3 0
1 2 0
1 2 0
1 2 0
0 2 0
0 2 0
0 1 0
0 1 0
0 1 0
0 1 0
0 1 0
0 2 0
0 1 0
0 1 0
1 2 1
1 2 0
1 2 0
0 1 0
0 1 0
0 1 0
0 1 0
0 1 0
0 1 0
0 0 0
0 0 0
0 0 0
0 0 0
0 0 0
0 0 0
0 0 0
0 0 0
0 0 0
0 0 0
0 0 0
0 0 0
0 0 0
0 0 0
0 0 0
1 1 1
1 1 1
1 1 0
0 0 0
0 0 0
0 0 0
0 0 0
0 0 0
0 0 0
0 0 0
0 0 0
0 0 0
0 0 0
0 0 0
0 0 0
0 0 0
0 0 0
0 0 0
0 0 0
0 0 0
0 0 0
0 0 0
0 0 0
2 2 2
1 2 1
1 1 1
1 1 1
1 1 1
1 1 0
1 2 1
1 1 1
2 2 2
2 2 2
2 2 1
2 2 1
1 1 1
1 1 1
1 1 0
1 1 0
1 1 0
1 1 0
0 0 0
0 0 0
0 0 0
0 0 0
0 0 0
0 0 0
0 0 0
0 0 0
0 0 0
0 0 0
0 0 0
0 0 0
1 1 1
1 1 1
1 1 1
1 1 0
0 0 0
0 0 0
1 1 1
1 1 1
1 1 0
2 2 1
1 1 1
1 1 1
1 1 0
1 1 0
1 1 0
0 1 0
0 0 0
0 0 0
0 0 0
0 0 0
0 0 0
0 0 0
0 0 0
0 0 0
0 0 0
0 0 0
1 1 1
0 1 0
0 0 0
0 0 0
0 0 0
0 0 0
0 1 0
0 0 0
0 0 0
0 0 0
0 0 0
0 0 0
0 0 0
0 0 0
0 0 0
0 0 0
0 0 0
0 0 0
0 0 0
0 0 0
0 0 0
0 0 0
0 0 0
0 0 0
0 0 0
0 0 0
0 0 0
0 0 0
0 0 0
0 0 0
0 0 0
0 0 0
0 0 0
0 0 0
0 0 0
0 0 0
0 0 0
0 0 0
0 0 0
0 0 0
0 0 0
0 0 0
0 0 0
0 0 0
0 0 0
0 0 0
0 0 0
0 0 0
0 0 0
0 0 0
1 0 0
0 0 0
1 1 1
1 1 1
1 1 0
1 1 0
1 0 0
0 0 0
0 0 0
0 0 0
0 0 0
0 0 0
0 0 0
0 0 0
0 0 0
0 0 0
0 0 0
0 0 0
0 0 0
0 0 0
0 0 0
0 0 0
1 1 1
2 2 2
3 3 3
3 3 3
3 4 3
4 4 4
4 4 4
4 4 4
4 4 3
4 4 3
4 4 3
3 3 3
3 3 3
3 3 2
3 3 2
3 3 2
3 3 2
2 2 1
2 2 1
2 2 1
2 2 1
2 2 1
1 1 0
1 1 0
1 1 0
1 1 0
1 1 0
0 1 0
0 0 0
0 0 0
0 0 0
0 0 0
0 0 0
0 0 0
0 0 0
0 0 0
0 0 0
0 0 0
0 0 0
0 0 0
0 0 0
0 0 0
0 0 0
0 0 0
0 0 0
0 0 0
0 0 0
0 0 0
0 0 0
0 0 0
0 0 0
0 0 0
0 0 0
0 0 0
0 0 0
1 1 1
1 1 1
1 1 1
1 1 1
1 1 0
0 0 0
0 0 0
0 0 0
1 1 1
1 1 0
0 1 0
0 0 0
0 0 0
1 1 0
1 1 0
0 1 0
0 0 0
0 0 0
1 1 0
2 2 1
1 2 1
1 2 1
1 1 1
1 1 0
3 3 2
3 3 2
2 3 2
2 2 1
3 3 2
3 3 2
3 3 2
2 3 1
2 3 1
2 2 1
2 2 1
1 2 1
1 2 0
1 2 0
1 1 0
1 1 0
1 1 0
1 1 0
0 1 0
0 1 0
0 0 0
0 0 0
0 0 0
0 0 0
0 0 0
0 0 0
0 0 0
0 0 0
0 0 0
0 0 0
0 0 0
0 0 0
0 0 0
0 0 0
0 0 0
0 0 0
1 1 1
1 1 1
1 1 1
1 1 0
0 0 0
0 0 0
1 1 1
2 2 1
2 2 1
1 2 1
1 1 1
1 1 0
1 1 0
1 1 0
0 1 0
0 0 0
0 0 0
0 0 0
0 0 0
0 0 0
0 0 0
0 0 0
0 0 0
0 0 0
0 0 0
0 0 0
0 0 0
0 0 0
0 0 0
0 0 0
0 0 0
0 0 0
0 0 0
0 0 0
0 0 0
0 0 0
0 0 0
0 0 0
0 0 0
0 0 0
0 0 0
0 0 0
0 0 0
0 0 0
0 0 0
0 0 0
0 0 0
0 0 0
0 0 0
0 0 0
0 0 0
0 0 0
0 0 0
0 0 0
0 0 0
0 0 0
0 0 0
0 0 0
0 0 0
0 0 0
0 0 0
0 0 0
0 0 0
0 0 0
1 1 0
2 2 1
2 2 2
2 2 2
2 2 2
3 3 2
2 3 2
2 3 2
2 2 2
3 3 2
4 4 3
4 4 3
4 5 4
5 5 5
5 5 4
5 5 4
5 5 4
5 6 5
5 6 4
5 5 4
5 5 4
5 5 4
5 5 3
5 6 4
6 6 5
8 8 7
8 8 7
8 8 6
7 8 6
7 8 6
7 7 6
7 7 5
6 7 5
6 7 5
7 8 6
7 7 5
7 7 5
6 7 5
6 7 5
6 7 5
7 7 5
7 7 5
7 8 6
8 9 7
8 9 6
8 9 6
8 8 6
7 8 6
7 8 5
7 8 5
7 8 5
7 8 5
7 7 5
6 7 4
6 7 4
6 7 4
6 7 4
6 6 3
5 6 3
5 6 3
5 6 3
6 7 4
6 7 3
6 6 3
5 6 3
5 6 3
5 6 2
5 6 2
5 5 2
5 5 2
4 5 1
5 6 2
5 6 2
5 5 2
5 5 2
4 5 1
4 5 1
4 5 1
4 4 1
4 4 0
3 4 0
3 4 0
3 4 0
3 4 0
3 3 0
3 3 0
2 3 0
4 5 1
4 5 1
4 5 1
3 4 1
3 4 1
3 4 0
3 4 0
3 4 0
3 3 0
2 3 0
2 3 0
3 4 0
3 4 0
4 5 1
3 4 1
3 4 1
3 4 0
3 4 0
2 4 0
2 4 0
2 3 0
2 3 0
2 3 0
1 3 0
1 3 0
1 2 0
1 2 0
1 2 0
1 2 0
1 2 0
0 2 0
1 2 0
1 2 0
2 3 1
2 3 1
2 3 0
1 2 0
1 2 0
1 2 0
1 2 0
1 2 0
1 2 0
0 1 0
2 3 1
3 4 2
3 4 2
3 4 2
2 3 1
2 3 1
2 3 1
2 3 1
2 3 1
2 3 0
2 3 1
2 3 1
2 3 1
2 3 0
2 3 0
1 2 0
1 2 0
1 2 0
1 2 0
1 2 0
0 1 0
0 1 0
0 1 0
0 1 0
0 1 0
0 1 0
0 0 0
0 0 0
0 1 0
0 1 0
0 1 0
0 0 0
0 0 0
0 0 0
0 0 0
0 0 0
0 0 0
0 0 0
0 0 0
0 0 0
0 0 0
0 0 0
0 0 0
0 0 0
0 0 0
0 0 0
0 0 0
0 0 0
0 0 0
0 0 0
0 0 0
0 0 0
0 1 0
0 0 0
0 0 0
1 1 1
1 1 1
1 1 0
0 0 0
0 0 0
0 0 0
0 0 0
0 0 0
1 1 0
0 0 0
0 0 0
0 0 0
1 1 0
1 1 0
1 0 0
1 1 1
1 1 1
1 1 0
1 1 0
1 1 0
0 0 0
0 0 0
0 0 0
0 0 0
0 0 0
0 0 0
0 0 0
0 0 0
0 0 0
0 0 0
0 0 0
0 0 0
0 0 0
0 0 0
0 0 0
0 0 0
0 0 0
0 0 0
0 0 0
0 0 0
0 0 0
0 0 0
0 0 0
0 0 0
0 0 0
0 0 0
0 0 0
0 0 0
0 0 0
0 0 0
0 0 0
0 0 0
0 0 0
0 0 0
0 0 0
0 0 0
0 0 0
0 0 0
0 0 0
0 0 0
0 0 0
0 0 0
0 0 0
0 0 0
0 0 0
0 0 0
0 0 0
0 0 0
0 0 0
0 0 0
0 0 0
0 0 0
1 1 1
1 1 1
1 0 0
0 0 0
0 0 0
0 0 0
0 0 0
0 0 0
0 0 0
0 0 0
0 0 0
0 0 0
0 0 0
0 0 0
0 0 0
0 0 0
0 0 0
0 0 0
0 0 0
0 0 0
0 0 0
0 0 0
0 0 0
0 0 0
1 1 0
1 0 0
0 0 0
0 0 0
0 0 0
0 0 0
2 2 1
1 1 1
2 2 2
2 2 2
2 2 2
3 3 2
2 2 2
2 2 2
2 2 2
2 2 1
2 2 1
2 2 1
2 2 2
3 3 3
3 3 2
3 3 2
4 4 3
4 4 3
3 3 2
4 4 3
4 4 3
4 4 3
5 5 3
5 4 3
4 4 3
4 4 3
4 4 3
5 5 3
5 5 3
4 4 3
4 4 3
4 4 2
4 4 2
4 4 2
4 4 2
3 3 2
3 3 1
3 3 1
3 3 1
3 3 1
3 2 0
3 3 1
3 3 1
4 4 2
4 4 1
4 3 1
4 4 2
4 4 2
4 4 2
5 5 2
5 5 2
5 4 2
4 4 2
4 4 1
4 4 1
4 4 1
6 5 3
6 5 3
5 5 2
5 5 2
5 5 2
5 5 2
5 4 1
4 4 1
4 4 1
4 4 1
4 4 0
5 4 1
5 4 1
4 4 1
5 5 2
5 5 1
5 5 1
5 4 1
5 4 1
4 4 0
4 4 0
4 4 0
4 4 0
4 3 0
3 3 0
3 3 0
4 4 0
4 4 0
4 3 0
3 3 0
3 3 0
3 3 0
3 3 0
3 2 0
2 2 0
2 2 0
2 2 0
2 2 0
2 2 0
2 1 0
1 1 0
1 1 0
1 1 0
1 1 0
2 2 0
2 1 0
2 2 1
2 2 1
3 3 1
3 3 1
3 3 1
3 2 1
2 2 1
2 2 0
2 2 0
2 2 0
2 1 0
1 1 0
2 2 0
2 2 0
2 2 0
2 2 0
1 1 0
2 2 0
2 2 0
3 3 1
3 3 1
4 3 1
4 3 1
3 3 1
3 3 1
3 3 1
3 3 0
3 3 1
4 4 2
4 4 2
4 4 1
4 4 1
3 3 1
3 3 1
3 3 0
4 4 1
4 4 1
3 4 1
3 3 1
3 3 0
3 3 0
3 3 0
2 3 0
2 2 0
3 3 0
3 3 0
3 3 0
2 3 0
2 3 0
2 2 0
3 3 0
2 3 0
2 3 0
2 3 0
2 2 0
2 2 0
2 2 0
2 3 0
2 3 0
2 2 0
3 3 1
3 3 1
3 3 0
2 3 0
2 3 0
2 2 0
2 2 0
2 2 0
3 3 0
3 4 1
4 4 2
4 4 2
4 4 1
4 4 1
4 4 1
3 3 1
3 3 1
3 3 0
3 3 0
3 3 0
3 4 1
3 3 0
3 3 0
4 4 1
4 4 1
3 4 1
3 3 0
3 3 0
4 4 1
5 5 2
5 5 1
4 5 1
4 4 1
5 5 2
5 5 2
5 5 1
5 5 1
4 5 1
4 4 1
4 4 0
4 4 0
4 4 0
3 4 0
3 3 0
4 4 0
4 4 0
4 4 0
4 4 0
3 3 0
4 4 0
4 4 0
4 4 0
4 4 0
4 4 0
3 3 0
3 3 0
4 4 0
4 4 0
4 4 0
3 4 0
3 3 0
4 4 0
4 4 0
4 5 1
4 5 1
4 4 1
5 5 1
5 5 1
4 5 1
4 5 1
4 5 1
4 4 0
4 4 0
5 5 1
4 5 1
5 6 1
6 6 2
6 6 2
6 6 2
6 6 1
5 6 1
5 6 1
6 6 2
6 6 2
6 6 1
5 6 1
5 6 1
6 7 2
7 7 2
6 7 2
6 7 2
6 7 2
7 8 2
8 8 3
8 8 3
8 8 3
7 8 3
7 8 2
8 8 3
8 8 3
8 8 3
7 8 2
7 8 2
7 8 2
7 7 2
6 7 2
6 7 1
6 7 1
6 7 1
6 6 1
5 6 0
5 6 0
5 6 0
5 6 0
5 5 0
4 5 0
4 5 0
4 5 0
4 5 0
5 5 0
5 5 0
5 5 0
4 5 0
6 7 1
6 7 1
6 6 1
6 6 1
6 6 0
5 6 0
5 6 0
5 5 0
6 6 1
5 6 0
7 8 2
7 8 2
7 8 2
7 7 1
6 7 1
6 7 1
8 9 3
8 9 3
8 9 2
7 8 2
7 8 2
7 8 2
7 8 1
7 8 1
6 7 1
7 8 2
7 8 2
7 8 1
7 8 1
7 8 1
6 7 1
6 7 0
6 7 0
6 7 0
6 7 0
5 7 0
5 6 0
5 6 0
6 7 0
7 8 1
7 8 1
6 7 1
6 7 1
7 8 1
7 8 1
7 8 1
6 7 1
6 7 0
6 7 0
6 7 0
6 7 0
5 7 0
5 6 0
5 6 0
5 6 0
5 6 0
4 6 0
4 5 0
4 5 0
4 5 0
4 5 0
3 5 0
4 6 0
4 5 0
4 5 0
5 6 1
4 6 0
5 7 1
6 8 2
6 7 2
6 7 2
5 7 1
5 7 1
6 8 2
7 8 3
6 8 2
6 8 2
7 9 3
7 9 3
7 9 3
7 8 2
6 8 2
6 8 2
6 8 2
6 8 1
6 7 1
7 8 2
7 8 2
6 8 1
6 8 1
7 9 2
7 8 2
7 8 2
7 9 2
7 9 2
7 9 2
7 9 2
7 8 1
7 8 1
6 8 1
6 8 1
6 8 0
7 8 1
7 8 1
8 9 2
7 9 2
8 10 2
8 10 2
8 9 2
8 9 2
7 9 1
7 9 1
8 10 2
8 9 2
9 10 2
8 10 2
8 10 2
8 10 2
8 10 2
8 9 1
7 9 1
8 10 2
8 10 2
8 10 1
8 9 1
8 9 1
7 9 1
7 9 1
7 9 0
7 9 0
7 8 0
6 8 0
6 8 0
6 8 0
6 8 0
5 7 0
5 7 0
5 7 0
5 7 0
5 7 0
4 7 0
4 6 0
4 6 0
4 6 0
4 6 0
5 7 0
4 6 0
4 6 0
4 6 0
4 6 0
5 7 0
4 7 0
4 6 0
4 6 0
4 6 0
3 6 0
4 7 0
4 7 0
4 6 0
4 6 0
3 6 0
4 7 0
5 8 1
5 7 1
5 7 1
5 8 1
5 8 1
6 9 2
6 9 2
6 8 2
6 8 1
5 8 1
5 8 1
5 8 1
6 8 1
6 8 1
6 9 2
6 9 2
7 10 2
8 11 3
8 10 3
8 10 3
8 10 3
7 10 2
7 10 2
7 9 2
7 9 2
7 9 1
6 9 1
6 9 1
6 8 1
6 8 0
6 9 1
7 10 2
7 10 2
7 10 2
7 9 1
7 9 1
6 9 1
6 9 1
6 9 0
6 8 0
6 8 0
5 8 0
5 8 0
5 8 0
5 8 0
5 7 0
5 7 0
4 7 0
4 7 0
4 7 0
4 6 0
4 6 0
4 7 0
4 7 0
4 7 0
4 7 0
4 6 0
3 6 0
3 6 0
3 6 0
3 6 0
3 5 0
2 5 0
2 5 0
2 5 0
2 5 0
2 5 0
1 4 0
1 4 0
1 4 0
1 4 0
0 4 0
0 3 0
0 3 0
0 3 0
0 3 0
0 3 0
0 3 0
0 2 0
0 2 0
0 2 0
0 2 0
0 2 0
0 2 0
0 2 0
0 2 0
0 2 0
1 3 1
2 3 1
1 3 1
1 3 1
1 3 1
1 3 0
1 3 0
1 2 0
1 2 0
0 2 0
0 2 0
0 2 0
1 2 0
2 3 1
2 3 1
1 3 1
1 3 0
1 2 0
2 3 1
2 3 1
1 3 0
2 4 1
2 4 1
2 3 1
2 3 1
1 3 0
1 3 0
1 3 0
1 2 0
2 3 0
1 3 0
1 3 0
1 3 0
1 3 0
1 2 0
3 4 1
2 4 1
2 4 1
2 4 1
2 3 0
3 4 1
3 4 1
2 4 1
2 4 0
2 4 0
2 3 0
1 3 0
2 4 1
2 4 0
2 4 0
2 3 0
2 3 0
2 3 0
1 3 0
1 3 0
1 3 0
1 2 0
0 2 0
0 2 0
0 2 0
0 2 0
0 1 0
0 1 0
1 2 0
0 2 0
1 3 1
1 2 1
2 3 1
2 4 2
2 4 2
3 5 3
4 6 4
4 5 3
4 5 3
3 5 3
3 5 3
4 6 3
4 5 3
4 5 3
3 5 3
3 5 2
3 5 2
3 4 2
3 4 2
2 4 2
2 4 1
2 4 1
2 4 1
3 4 2
3 4 1
3 4 1
2 4 1
2 4 1
2 3 0
3 4 1
3 4 1
3 4 1
2 4 1
2 4 0
2 3 0
3 4 1
2 4 1
2 4 0
2 4 0
2 3 0
2 3 0
3 4 1
2 4 0
2 4 0
2 4 0
2 3 0
2 3 0
3 4 0
2 4 0
2 4 0
2 4 0
2 3 0
2 3 0
3 4 0
2 4 0
2 4 0
3 4 1
3 4 0
3 4 0
2 4 0
2 4 0
2 4 0
3 4 0
4 5 1
4 5 1
4 5 1
4 6 1
4 5 1
4 5 1
5 6 2
5 6 2
5 6 1
4 6 1
4 5 1
4 5 1
4 5 0
4 5 0
3 5 0
3 4 0
3 4 0
3 4 0
3 4 0
3 4 0
2 4 0
2 3 0
2 3 0
3 4 0
3 4 0
2 4 0
2 3 0
2 3 0
2 3 0
2 3 0
1 3 0
1 3 0
1 2 0
1 2 0
2 3 0
2 3 0
1 3 0
2 3 1
2 3 1
2 3 0
3 4 1
2 4 1
2 4 1
3 4 1
3 4 1
3 4 1
2 4 1
2 4 1
2 3 0
2 3 0
2 3 0
2 3 0
2 4 0
3 4 1
3 4 1
3 4 1
3 4 1
4 5 1
3 4 1
3 4 1
4 5 2
4 5 1
5 6 2
5 5 2
6 6 3
5 6 3
6 7 3
6 7 3
6 7 3
6 6 3
6 6 2
5 6 2
5 6 2
5 6 2
5 5 1
7 7 3
6 7 3
6 7 3
6 7 3
6 7 2
6 6 2
5 6 2
5 6 2
5 6 1
5 6 1
5 5 1
6 7 3
6 7 3
6 7 2
6 7 2
6 7 2
6 6 2
5 6 1
5 6 1
5 6 1
5 6 1
5 5 0
4 5 0
4 5 0
4 5 0
4 5 0
4 5 0
4 4 0
3 4 0
3 4 0
3 4 0
3 4 0
3 3 0
2 3 0
2 3 0
2 3 0
2 3 0
2 3 0
3 3 0
3 3 0
2 3 0
2 3 0
2 3 0
2 2 0
2 2 0
2 3 0
2 3 0
2 3 0
2 3 0
3 3 0
2 3 0
2 3 0
2 3 0
3 4 1
4 5 1
3 4 1
3 4 1
3 4 1
3 4 0
3 4 0
3 3 0
2 3 0
3 4 1
4 5 1
4 5 1
4 5 1
3 4 1
4 5 1
4 5 1
4 5 1
4 5 1
4 5 2
5 6 2
5 6 2
5 6 2
5 6 2
4 6 1
5 6 2
5 6 2
5 6 2
8 9 4
7 9 4
7 8 4
7 8 4
7 8 4
7 8 3
6 8 3
6 8 3
7 8 4
8 9 4
8 9 4
7 9 4
7 9 4
7 8 4
7 8 3
7 8 3
6 8 3
7 9 4
7 9 3
7 8 3
7 8 3
6 8 3
6 8 2
6 8 2
6 7 2
7 8 3
6 8 3
6 8 2
6 8 2
6 8 2
6 7 2
6 7 1
5 7 1
5 7 1
5 7 1
5 6 0
5 6 0
6 7 1
6 7 1
5 7 1
5 7 0
5 6 0
5 6 0
5 6 0
6 7 0
5 7 0
5 7 0
5 6 0
5 6 0
5 6 0
4 6 0
4 6 0
4 5 0
5 6 0
5 6 0
4 6 0
5 7 1
5 6 1
5 6 0
4 6 0
4 6 0
4 6 0
4 6 0
4 5 0
3 5 0
3 5 0
3 5 0
5 7 1
5 6 1
4 6 1
4 6 1
4 6 0
5 7 1
5 7 1
4 6 1
4 6 1
6 8 2
6 8 2
6 8 2
5 7 2
5 7 1
5 7 1
5 7 1
5 7 1
4 7 0
5 7 1
5 7 1
5 7 1
5 7 1
4 7 0
4 7 0
5 7 1
6 8 2
6 8 1
6 8 1
6 8 1
5 7 1
5 7 1
5 7 0
5 7 0
5 7 0
5 7 0
4 6 0
4 6 0
5 7 0
5 7 0
5 7 0
7 9 3
7 9 2
8 10 3
9 11 4
9 11 4
8 10 3
8 10 3
8 10 3
8 10 3
7 10 3
7 10 2
7 9 2
7 9 2
7 9 2
6 9 2
7 10 2
7 10 2
7 9 2
7 9 2
6 9 1
6 9 1
6 9 1
7 9 2
7 9 1
6 9 1
6 9 1
6 9 1
6 9 1
7 9 1
7 9 1
6 9 1
6 9 1
6 9 0
6 8 0
6 8 0
5 8 0
5 8 0
5 8 0
5 8 0
5 7 0
5 8 0
6 9 1
6 9 1
7 10 2
7 10 2
6 9 1
6 9 1
6 9 1
6 9 1
6 9 0
6 9 1
6 9 1
6 9 1
6 9 0
6 9 0
6 8 0
5 8 0
5 8 0
5 8 0
5 8 0
5 7 0
4 7 0
4 7 0
4 7 0
4 7 0
5 7 0
4 7 0
4 7 0
5 8 1
5 8 0
5 8 0
4 7 0
4 7 0
4 7 0
4 7 0
5 8 0
4 7 0
4 7 0
4 7 0
4 7 0
4 7 0
3 7 0
3 6 0
4 7 0
4 7 0
4 7 0
4 7 0
4 7 0
3 6 0
4 7 0
4 7 0
4 7 0
4 7 0
3 6 0
4 7 0
4 7 0
5 8 1
5 8 1
5 8 0
5 8 1
5 8 1
6 9 2
8 11 4
8 11 3
8 11 4
8 11 4
8 11 4
8 11 3
8 11 3
8 10 3
7 10 3
7 10 2
7 10 2
8 11 3
10 13 5
9 12 5
9 12 4
9 12 4
9 12 4
9 12 4
9 12 3
9 11 3
8 11 3
8 11 3
8 11 3
8 11 2
8 10 2
7 10 2
7 10 2
7 10 1
7 10 1
7 9 1
6 9 1
6 9 0
6 9 0
7 10 1
7 10 1
7 9 1
6 9 0
6 9 0
7 10 1
7 10 1
7 9 0
7 9 0
6 9 0
6 9 0
6 9 0
6 9 0
6 8 0
6 8 0
6 9 0
6 9 0
6 9 0
6 8 0
6 8 0
6 8 0
5 8 0
5 8 0
5 8 0
5 7 0
6 8 0
6 9 1
6 9 1
6 9 1
6 8 0
6 8 0
5 8 0
5 8 0
6 9 1
6 8 0
6 8 0
6 8 0
5 8 0
5 8 0
5 8 0
5 7 0
5 7 0
6 8 0
6 8 0
5 8 0
7 9 2
8 10 2
8 10 2
8 10 2
7 10 2
7 9 1
7 9 1
7 9 1
7 9 1
6 9 1
6 9 0
6 8 0
6 8 0
6 8 0
6 8 0
5 8 0
5 8 0
5 7 0
5 7 0
5 7 0
5 7 0
4 7 0
5 7 0
5 7 0
5 7 0
4 7 0
4 7 0
5 7 0
5 7 0
5 7 0
4 7 0
4 7 0
4 7 0
4 6 0
4 6 0
3 6 0
3 6 0
3 6 0
3 5 0
3 5 0
2 5 0
2 5 0
2 5 0
2 4 0
2 4 0
2 4 0
2 5 0
3 6 1
3 6 1
3 5 1
3 5 0
2 5 0
2 5 0
2 5 0
2 5 0
2 4 0
3 5 0
3 6 1
3 6 1
3 6 1
3 5 0
3 5 0
2 5 0
2 5 0
2 5 0
2 4 0
2 4 0
2 4 0
1 4 0
1 4 0
1 4 0
1 3 0
1 3 0
1 3 0
0 3 0
0 3 0
0 3 0
0 2 0
1 3 0
0 3 0
0 3 0
0 3 0
0 2 0
1 3 0
0 3 0
0 3 0
0 3 0
0 3 0
0 2 0
0 2 0
0 2 0
0 2 0
0 3 0
0 2 0
0 2 0
0 2 0
0 2 0
0 2 0
0 2 0
0 1 0
0 1 0
0 1 0
0 1 0
0 1 0
0 1 0
0 0 0
0 0 0
0 1 0
0 1 0
0 1 0
0 0 0
0 0 0
0 0 0
0 0 0
0 0 0
0 0 0
0 0 0
0 0 0
0 0 0
0 0 0
0 0 0
1 1 1
1 1 1
1 1 1
1 0 0
1 1 1
1 1 1
1 1 1
1 1 0
3 3 2
3 2 2
2 2 2
3 3 3
3 3 2
3 3 2
3 3 2
3 2 2
3 3 2
3 3 2
4 4 3
4 4 3
4 3 3
3 3 2
3 3 2
3 3 2
3 3 2
3 2 1
3 2 1
2 2 1
2 2 1
3 3 2
3 2 1
3 2 1
2 2 1
2 2 1
2 2 0
2 2 0
1 1 0
1 1 0
1 1 0
1 1 0
1 1 0
0 0 0
1 1 0
1 1 0
1 1 0
1 1 0
1 0 0
0 0 0
0 0 0
0 0 0
0 0 0
0 0 0
0 0 0
0 0 0
0 0 0
0 0 0
0 0 0
0 0 0
0 0 0
0 0 0
0 0 0
0 0 0
0 0 0
0 0 0
0 0 0
0 0 0
0 0 0
0 0 0
0 0 0
0 0 0
0 0 0
0 0 0
0 0 0
0 0 0
0 0 0
0 0 0
0 0 0
0 0 0
0 0 0
0 0 0
0 0 0
0 0 0
0 0 0
0 0 0
0 0 0
0 0 0
0 0 0
0 0 0
0 0 0
0 0 0
0 0 0
1 1 1
1 1 1
1 1 1
0 1 0
1 1 1
1 1 1
1 1 1
2 2 1
2 2 1
1 1 1
1 1 1
2 2 2
2 2 1
2 2 1
2 3 2
2 2 2
2 2 1
2 2 1
2 2 1
1 2 1
1 1 0
1 1 0
1 1 0
1 1 0
1 2 1
1 2 0
1 1 0
1 1 0
1 1 0
1 1 0
0 1 0
0 0 0
0 0 0
0 0 0
0 0 0
0 0 0
0 0 0
0 0 0
0 0 0
0 0 0
0 0 0
0 0 0
0 0 0
0 0 0
0 0 0
0 0 0
0 0 0
0 0 0
0 0 0
0 0 0
0 0 0
0 0 0
0 0 0
0 0 0
0 0 0
0 0 0
0 0 0
1 1 0
1 1 0
0 0 0
0 0 0
0 0 0
0 0 0
1 1 0
0 0 0
0 0 0
0 0 0
0 0 0
0 0 0
0 0 0
0 0 0
0 0 0
0 0 0
0 0 0
0 0 0
0 0 0
0 0 0
0 0 0
0 0 0
0 0 0
0 0 0
0 0 0
0 0 0
1 1 1
1 1 1
1 1 1
1 1 1
1 1 0
1 0 0
1 1 1
1 1 1
1 1 0
1 1 0
1 0 0
0 0 0
0 0 0
0 0 0
0 0 0
0 0 0
0 0 0
0 0 0
0 0 0
0 0 0
0 0 0
0 0 0
0 0 0
0 0 0
0 0 0
0 0 0
0 0 0
0 0 0
0 0 0
0 0 0
0 0 0
0 0 0
0 0 0
0 0 0
0 0 0
0 0 0
0 0 0
0 0 0
1 1 1
1 1 1
1 1 0
0 1 0
1 1 1
1 1 1
1 1 1
1 1 0
2 2 1
1 1 1
1 1 1
1 1 0
1 1 0
0 1 0
0 1 0
0 0 0
0 0 0
0 0 0
1 1 0
0 1 0
0 0 0
0 0 0
0 0 0
0 0 0
0 0 0
0 0 0
0 0 0
0 0 0
0 0 0
1 1 1
1 1 0
1 0 0
0 0 0
0 0 0
0 0 0
0 0 0
0 0 0
0 0 0
0 0 0
0 0 0
0 0 0
0 0 0
0 0 0
0 0 0
0 0 0
0 0 0
0 0 0
0 0 0
1 1 1
1 1 1
1 1 1
1 1 0
1 2 1
1 1 1
2 2 2
2 2 2
2 2 1
1 2 1
1 1 1
2 2 2
2 2 1
2 2 1
1 2 1
2 3 2
3 3 2
4 4 3
4 4 3
4 5 4
5 6 5
5 5 4
6 6 5
6 6 5
5 6 5
5 6 4
5 6 4
5 5 4
5 5 4
6 6 5
5 6 4
6 7 5
6 6 5
6 6 5
7 7 5
7 8 6
7 8 6
7 8 6
7 7 5
7 7 5
8 8 6
7 8 6
7 8 6
7 8 5
7 7 5
7 7 5
6 7 5
6 7 4
6 7 4
6 6 4
7 7 5
6 7 4
6 7 4
6 7 4
6 7 4
7 7 5
6 7 4
6 7 4
6 7 4
6 7 4
6 6 3
5 6 3
5 6 3
5 6 3
5 6 3
5 6 2
4 5 2
4 5 2
4 5 2
4 5 1
4 5 1
3 4 1
3 4 1
3 4 1
5 6 2
5 6 2
4 5 2
4 5 2
4 5 1
4 5 1
4 5 1
3 5 1
3 4 0
3 4 0
3 4 0
4 5 1
4 5 1
3 4 0
3 4 0
3 4 0
3 4 0
3 4 0
2 3 0
2 3 0
2 3 0
2 3 0
2 3 0
1 3 0
1 2 0
1 2 0
1 2 0
1 2 0
1 2 0
0 2 0
1 2 0
2 3 1
2 3 1
3 4 2
3 4 1
2 3 1
2 3 1
2 3 1
3 4 2
3 4 1
2 3 1
3 4 2
5 6 4
5 6 3
4 6 3
4 6 3
5 6 4
5 6 4
6 7 4
5 7 4
5 7 4
5 6 4
5 6 3
5 6 3
5 6 3
4 6 3
4 6 2
5 6 3
5 6 3
5 6 3
4 6 3
5 7 3
6 7 4
7 8 5
7 8 5
8 9 5
9 10 6
8 9 6
8 9 6
8 9 5
9 10 6
8 10 6
8 10 6
9 10 7
9 10 6
9 10 6
8 10 6
8 10 6
8 9 5
8 9 5
9 10 6
8 10 6
8 10 5
8 10 5
8 9 5
8 9 5
9 10 6
8 10 5
8 10 5
8 9 5
8 9 5
8 9 4
7 9 4
7 9 4
8 9 5
8 9 5
8 9 4
8 9 4
8 10 5
9 11 6
9 10 5
9 10 5
9 10 5
8 10 5
8 10 4
9 11 5
9 10 5
9 10 5
8 10 5
8 10 4
8 10 4
9 10 5
9 10 5
9 10 4
9 10 4
8 10 4
8 9 4
8 9 4
8 9 3
8 9 3
8 9 3
7 8 3
7 8 2
7 8 2
7 8 2
7 8 2
6 8 2
6 7 1
6 7 1
6 7 1
9 10 4
9 11 4
9 10 4
9 10 4
9 10 4
9 10 3
8 10 3
8 10 3
8 9 3
8 9 3
8 9 2
8 9 2
7 9 2
7 9 2
7 8 1
7 8 1
8 9 2
8 10 3
8 10 3
8 9 2
8 9 2
9 10 3
8 10 3
8 10 2
8 9 2
8 9 2
8 9 2
7 9 2
7 9 1
7 9 1
7 8 1
7 8 1
6 8 0
6 8 0
6 8 0
6 8 0
7 8 1
6 8 0
6 8 0
6 8 0
6 8 0
8 9 1
7 9 1
8 10 2
9 11 3
9 11 3
9 11 2
8 10 2
8 10 2
8 10 2
8 10 1
8 10 1
8 10 2
9 11 3
10 12 3
10 12 3
10 12 3
9 12 3
9 11 3
9 11 2
9 11 2
10 12 3
9 12 3
9 11 2
10 12 3
10 12 3
10 12 3
10 12 3
9 11 2
9 11 2
9 11 2
9 11 2
9 11 1
9 12 2
9 11 2
9 11 2
10 12 2
10 12 2
10 12 2
9 12 2
9 11 2
9 11 1
10 12 2
10 12 2
9 12 2
9 11 1
10 12 2
10 12 2
10 12 2
9 12 1
9 12 1
9 11 1
10 12 2
10 12 2
10 13 2
10 13 2
10 13 2
10 12 2
10 12 1
10 12 1
9 12 1
9 12 1
9 11 1
9 11 0
9 11 0
9 11 0
8 11 0
8 11 0
8 10 0
8 10 0
8 10 0
7 10 0
7 10 0
7 9 0
7 9 0
7 9 0
7 9 0
6 9 0
6 9 0
6 8 0
6 8 0
6 8 0
6 8 0
5 8 0
5 7 0
5 7 0
5 7 0
5 7 0
5 7 0
4 7 0
4 6 0
4 6 0
4 6 0
4 6 0
4 6 0
3 5 0
3 5 0
3 5 0
3 5 0
4 6 0
4 5 0
5 7 2
5 7 2
5 7 2
5 7 1
4 7 1
4 6 1
4 6 1
4 6 0
4 6 0
4 6 0
3 5 0
3 5 0
3 5 0
3 5 0
3 5 0
2 5 0
2 4 0
3 5 0
3 5 0
3 5 0
3 6 1
3 5 0
3 5 0
3 5 0
4 6 1
3 6 0
4 7 1
5 7 2
5 7 2
5 7 2
5 7 1
5 7 1
4 6 1
4 6 1
4 6 0
4 6 0
4 6 0
3 6 0
3 5 0
3 5 0
3 5 0
3 5 0
2 5 0
2 4 0
3 5 0
4 6 1
4 6 1
3 6 1
3 6 0
3 5 0
4 6 1
4 6 1
4 6 1
3 6 0
3 6 0
3 5 0
3 5 0
3 5 0
2 5 0
2 5 0
2 4 0
2 4 0
2 4 0
2 4 0
1 4 0
1 4 0
2 4 0
2 4 0
2 4 0
2 4 0
2 5 0
2 4 0
3 5 1
3 5 1
4 6 2
5 8 3
5 8 3
5 7 3
5 7 3
6 8 3
6 8 3
6 9 4
6 8 4
6 8 3
6 8 3
6 8 3
6 9 4
6 9 4
7 9 4
7 9 4
8 10 5
7 10 5
8 11 5
8 10 5
8 10 5
8 10 5
9 11 6
8 11 5
8 10 5
8 10 5
8 10 5
8 10 4
7 10 4
7 10 4
7 9 4
7 9 3
6 9 3
6 9 3
6 9 3
6 8 3
7 9 3
6 9 3
6 9 3
6 9 3
7 10 3
7 9 3
7 9 3
6 9 3
8 11 5
8 11 4
9 12 5
8 11 5
8 11 5
10 13 6
10 13 6
11 14 7
10 13 7
10 13 6
10 13 6
11 14 7
11 14 7
12 15 8
13 16 9
13 16 9
13 16 9
13 16 9
13 16 8
13 15 8
12 15 8
12 15 8
12 15 8
12 15 7
13 16 8
12 15 8
12 15 8
12 15 7
12 15 7
12 15 7
12 14 7
11 14 6
11 14 6
11 14 6
11 14 6
11 13 6
11 13 5
10 13 5
10 13 5
10 13 5
10 13 5
10 12 4
10 12 4
9 12 4
9 12 4
9 12 3
9 11 3
9 11 3
8 11 3
8 11 2
9 12 3
9 12 3
9 11 3
8 11 3
8 11 2
8 11 2
9 12 3
9 11 3
8 11 2
8 11 2
8 11 2
8 11 2
8 11 1
8 10 1
7 10 1
7 10 1
7 10 1
7 10 0
7 9 0
7 9 0
6 9 0
6 9 0
7 10 0
8 10 1
8 10 1
7 10 1
7 10 1
7 10 0
7 10 0
8 10 1
8 10 1
8 11 1
9 12 2
9 12 2
9 11 2
9 11 2
10 12 2
9 12 2
10 13 3
10 12 3
10 12 2
10 12 2
10 12 2
9 12 2
9 12 2
9 11 1
9 11 1
9 11 1
9 11 1
8 11 0
8 10 0
8 10 0
9 11 1
10 12 1
11 13 2
10 13 2
10 12 2
10 12 2
10 12 1
11 13 2
10 13 2
11 14 3
11 13 2
11 13 2
10 13 2
10 13 2
11 14 3
11 14 2
11 13 2
11 13 2
10 13 2
10 13 1
10 13 1
10 12 1
10 12 1
9 12 0
9 12 0
9 12 0
9 11 0
10 12 1
10 12 0
9 12 0
9 12 0
9 12 0
9 11 0
9 11 0
9 12 0
9 12 0
9 12 0
9 11 0
9 11 0
8 11 0
9 12 0
9 12 0
9 11 0
9 11 0
8 11 0
8 11 0
8 11 0
8 11 0
7 10 0
8 11 0
8 11 0
8 11 0
8 11 0
8 11 0
7 10 0
8 11 0
8 11 0
8 11 0
9 12 1
9 11 0
9 12 1
9 12 1
9 12 1
9 12 1
9 12 0
9 12 1
9 12 1
9 12 1
9 12 0
9 12 0
8 12 0
8 11 0
8 11 0
8 11 0
8 11 0
8 12 0
10 13 2
10 13 2
12 15 4
12 15 3
11 15 3
11 15 3
11 14 3
11 14 3
11 14 2
11 15 3
11 15 3
11 14 3
11 14 2
11 14 2
10 14 2
12 16 4
12 15 3
12 15 3
12 15 3
11 15 3
11 15 3
11 15 2
11 14 2
11 14 2
11 14 2
10 14 1
11 15 2
11 14 2
11 14 2
11 14 2
10 14 1
10 14 1
10 14 1
10 13 1
10 13 0
10 13 0
9 13 0
10 14 1
10 13 1
10 13 0
10 13 0
9 13 0
9 13 0
9 13 0
9 12 0
9 12 0
8 12 0
9 13 0
9 13 0
9 12 0
10 13 1
10 13 1
9 13 0
9 13 0
9 13 0
10 13 1
11 14 1
11 14 1
10 14 1
10 14 1
10 13 0
10 13 0
9 13 0
11 15 2
11 15 2
11 14 1
11 14 1
10 14 1
10 14 1
10 14 0
10 13 0
10 13 0
9 13 0
9 13 0
10 14 0
10 14 0
10 13 0
10 13 0
9 13 0
9 13 0
9 13 0
9 13 0
9 12 0
9 12 0
8 12 0
8 12 0
9 13 0
10 13 1
11 14 2
11 15 3
12 16 3
12 16 3
12 16 3
12 15 3
13 16 3
13 17 4
14 18 5
15 19 6
15 18 6
16 19 6
15 19 6
15 19 6
15 19 6
15 18 5
15 18 5
15 19 6
15 19 6
15 19 6
16 20 6
16 19 6
16 19 6
16 19 6
15 19 5
15 19 5
15 18 5
15 18 5
15 18 4
14 18 4
14 18 4
14 18 4
14 17 4
15 18 4
16 19 5
15 19 5
15 19 5
15 18 4
15 18 4
15 18 4
15 18 4
15 19 4
15 19 4
16 19 5
17 20 6
18 21 7
17 21 6
17 21 6
17 21 6
17 20 6
17 20 5
17 20 5
16 20 5
16 20 5
17 20 5
17 20 5
17 20 5
16 20 5
17 21 6
17 20 5
17 20 5
17 20 5
16 20 5
17 21 5
17 21 5
17 20 5
17 20 5
16 20 4
16 20 4
16 20 4
16 19 4
16 19 4
16 19 3
15 19 3
15 19 3
15 18 3
15 18 2
15 18 2
15 18 2
14 18 2
14 17 2
14 17 1
14 17 1
14 17 1
13 17 1
14 18 1
15 18 2
15 18 2
16 19 3
16 20 3
16 20 3
16 20 3
16 19 3
16 19 3
15 19 2
15 19 2
15 19 2
15 18 2
14 18 1
14 18 1
14 18 1
14 18 1
14 18 0
14 17 0
13 17 0
13 17 0
13 17 0
14 18 0
14 17 0
14 17 0
13 17 0
13 17 0
13 17 0
13 17 0
13 16 0
13 16 0
12 16 0
12 16 0
12 16 0
12 15 0
12 15 0
13 16 0
12 16 0
12 16 0
12 15 0
12 15 0
12 15 0
12 15 0
11 15 0
11 15 0
11 14 0
11 14 0
11 14 0
10 14 0
10 14 0
11 14 0
12 15 1
12 15 1
12 16 2
12 16 2
12 16 1
12 15 1
12 15 1
12 15 1
11 15 0
11 15 0
11 14 0
11 14 0
11 14 0
11 14 0
10 14 0
10 14 0
10 13 0
11 14 0
11 14 0
10 14 0
10 14 0
11 14 0
12 15 1
12 15 1
12 15 1
11 15 1
11 14 0
11 14 0
11 14 0
11 14 0
10 14 0
11 15 0
12 15 1
12 15 1
12 15 1
12 15 1
11 15 0
11 15 0
11 14 0
12 15 1
13 17 2
13 17 2
13 17 2
13 16 2
13 16 2
13 16 1
13 17 2
13 17 2
13 17 2
13 16 1
14 17 2
14 17 2
13 17 2
13 17 2
13 16 1
14 17 2
14 17 2
14 17 2
13 17 1
13 17 1
13 16 1
13 16 1
12 16 1
13 17 1
13 17 1
13 16 1
13 16 1
13 16 0
12 16 0
12 16 0
12 16 0
12 15 0
12 15 0
11 15 0
11 15 0
12 16 0
12 16 0
13 16 1
13 16 1
12 16 0
12 16 0
12 16 0
12 15 0
12 15 0
11 15 0
11 15 0
11 15 0
11 15 0
11 15 0
11 15 0
11 15 0
11 15 0
11 15 0
11 15 0
10 14 0
10 14 0
11 15 0
11 15 0
11 15 0
11 14 0
10 14 0
10 14 0
10 14 0
10 14 0
10 14 0
9 13 0
11 15 1
11 15 1
11 15 1
11 15 1
10 15 0
10 14 0
11 15 1
11 15 1
11 15 0
10 15 0
10 14 0
10 14 0
10 14 0
10 14 0
9 14 0
9 13 0
9 13 0
9 13 0
9 13 0
8 13 0
8 12 0
9 13 0
9 13 0
9 13 0
9 13 0
9 14 0
9 13 0
9 13 0
9 13 0
9 13 0
8 13 0
8 12 0
8 12 0
8 12 0
8 12 0
7 12 0
8 12 0
8 12 0
8 12 0
8 12 0
8 13 1
9 14 1
9 13 1
9 13 1
9 13 1
8 13 0
8 13 0
8 13 0
8 12 0
8 12 0
7 12 0
7 12 0
7 12 0
7 11 0
7 11 0
6 11 0
8 13 1
9 14 2
9 14 2
10 14 3
11 15 3
10 15 3
11 16 4
13 18 6
14 18 7
14 18 6
13 18 6
13 18 6
13 18 6
13 18 5
14 18 6
13 18 6
13 18 6
13 18 6
13 18 5
13 18 5
13 17 5
12 17 5
12 17 4
13 18 5
13 18 5
14 18 6
13 18 5
13 18 5
14 19 6
15 20 7
15 20 7
15 19 6
15 19 6
14 19 6
15 20 7
15 20 6
15 20 6
15 20 7
15 20 7
15 20 7
15 20 6
15 20 6
14 19 6
14 19 6
14 19 5
14 19 5
14 19 5
13 19 5
13 18 4
15 20 6
15 20 6
15 20 6
14 20 6
14 19 5
14 19 5
14 19 5
14 19 5
13 19 4
13 19 4
13 18 4
13 18 4
13 18 3
14 20 5
14 20 5
14 20 5
14 19 5
14 19 4
14 19 4
13 19 4
13 19 4
13 18 3
13 18 3
13 18 3
13 19 4
13 19 4
13 19 3
13 18 3
13 18 3
12 18 3
12 18 2
13 19 3
13 19 3
13 18 3
13 18 3
12 18 2
12 18 2
12 18 2
12 17 2
12 17 1
11 17 1
11 17 1
11 17 1
11 17 0
11 16 0
10 16 0
10 16 0
10 16 0
10 16 0
11 16 0
10 16 0
10 16 0
10 16 0
12 18 1
13 19 2
13 18 2
12 18 2
12 18 2
12 18 1
12 18 1
12 18 1
11 17 1
11 17 0
11 17 0
12 18 1
12 18 1
12 18 2
12 18 1
12 18 1
12 18 1
12 18 1
13 18 1
13 19 2
14 20 3
14 20 3
14 20 3
14 20 2
13 19 2
13 19 2
13 19 2
13 19 1
13 19 1
12 18 1
12 18 1
14 20 2
15 21 3
15 21 3
14 21 3
14 20 3
14 20 2
14 20 2
14 20 2
14 20 2
13 20 1
13 19 1
13 19 1
14 20 2
14 20 2
13 20 1
13 19 1
14 20 2
14 20 2
15 21 2
15 22 3
16 23 4
16 22 4
16 22 4
16 22 3
15 22 3
15 22 3
16 23 4
17 23 4
17 23 4
16 23 4
16 23 4
16 23 3
17 23 4
17 23 4
16 23 4
16 23 4
16 23 3
17 24 4
17 23 4
17 23 4
17 24 4
17 24 4
17 24 4
17 23 4
17 23 4
16 23 3
16 23 3
16 23 3
16 22 3
16 22 2
17 24 4
17 24 4
17 24 4
17 24 3
17 23 3
16 23 3
16 23 3
16 23 3
16 23 2
16 22 2
15 22 2
15 22 2
15 22 1
16 23 2
16 23 2
16 23 3
16 23 2
16 23 2
16 23 2
16 23 2
16 22 2
15 22 1
17 24 3
17 24 3
17 24 3
18 24 3
17 24 3
17 24 3
17 24 3
17 24 3
18 25 3
17 24 3
17 24 3
17 24 3
17 24 2
17 24 2
17 24 2
16 23 2
16 23 1
16 23 1
16 23 1
16 23 1
15 22 1
15 22 0
15 22 0
15 22 0
15 22 0
15 22 0
15 21 0
15 22 0
15 22 0
15 22 0
16 23 1
15 22 1
15 22 0
15 22 0
15 22 0
16 23 1
16 23 0
16 23 1
16 23 1
16 23 1
17 24 2
17 24 1
18 24 2
18 25 3
18 25 3
18 25 2
18 25 2
18 24 2
18 24 2
18 25 2
18 25 2
18 25 2
18 25 2
18 24 2
17 24 1
17 24 1
18 25 2
18 25 2
18 24 1
18 24 1
18 25 2
18 25 2
20 27 3
20 27 3
20 26 3
20 26 3
19 26 3
19 26 2
19 26 2
19 26 2
19 25 2
18 25 1
18 25 1
19 26 2
19 26 2
19 25 2
18 25 1
18 25 1
18 25 1
18 25 1
19 25 1
18 25 1
19 26 2
19 26 2
19 26 1
21 28 3
21 27 3
20 27 3
20 27 3
20 27 2
20 27 2
20 26 2
20 26 2
19 26 1
19 26 1
19 26 1
19 26 1
19 25 0
18 25 0
18 25 0
18 25 0
18 25 0
18 24 0
18 24 0
17 24 0
17 24 0
18 25 0
18 25 0
18 24 0
17 24 0
18 25 1
18 25 0
18 25 0
18 24 0
18 24 0
17 24 0
17 24 0
17 24 0
17 23 0
17 23 0
16 23 0
18 25 1
18 25 1
18 25 1
19 25 2
20 26 2
19 26 2
20 27 3
20 27 3
21 28 4
22 28 4
21 28 4
21 28 4
21 28 4
21 28 3
21 27 3
21 27 3
20 27 3
20 27 3
20 27 2
20 26 2
20 26 2
19 26 2
19 26 1
19 26 1
19 26 1
20 26 2
19 26 2
19 26 1
19 26 1
19 26 1
19 25 1
18 25 0
18 25 0
18 25 0
20 27 2
20 27 1
19 26 1
19 26 1
19 26 1
20 27 2
20 27 1
19 26 1
20 27 2
20 27 2
20 27 1
20 27 1
20 27 1
20 27 2
20 27 2
20 27 1
20 27 1
20 27 1
20 27 2
20 27 1
20 27 1
20 27 1
20 27 1
19 27 1
19 26 0
19 26 0
19 26 0
18 26 0
18 26 0
19 26 0
19 26 0
19 26 0
19 26 0
19 27 0
19 27 0
20 27 1
20 27 1
21 28 2
20 28 1
20 28 1
20 28 1
20 27 1
20 27 0
20 27 0
19 27 0
19 27 0
20 27 1
20 27 0
20 27 0
20 27 0
19 27 0
19 27 0
20 27 0
21 28 1
22 29 2
22 29 2
21 29 2
21 28 1
21 28 1
22 29 2
22 29 2
21 29 1
21 29 1
22 29 2
23 30 3
24 31 4
23 31 3
23 31 3
23 30 3
23 30 3
23 30 2
23 30 2
22 30 2
22 30 2
22 29 2
22 29 1
22 29 1
22 30 2
22 30 2
22 29 1
22 29 1
22 29 1
23 30 2
22 30 1
22 30 1
22 29 1
22 29 1
22 29 1
22 29 0
21 29 0
21 28 0
21 28 0
22 29 0
22 29 0
22 30 1
22 30 1
22 29 1
22 29 0
22 29 0
21 29 0
21 29 0
21 28 0
21 28 0
21 28 0
20 28 0
20 28 0
21 29 0
21 28 0
21 28 0
22 29 1
21 29 0
21 29 0
21 29 0
21 28 0
21 28 0
21 29 0
21 29 0
21 29 0
21 28 0
22 29 0
22 29 0
21 29 0
21 29 0
21 29 0
21 28 0
21 28 0
20 28 0
21 29 0
21 29 0
22 30 1
22 29 1
22 29 1
22 30 1
22 30 1
22 30 1
22 29 1
22 29 0
22 30 1
22 30 1
22 30 1
22 30 1
22 29 0
22 29 0
21 29 0
21 29 0
21 29 0
21 29 0
21 28 0
21 28 0
20 28 0
20 28 0
20 28 0
20 27 0
20 27 0
20 27 0
19 27 0
19 27 0
19 26 0
19 26 0
19 26 0
19 26 0
18 26 0
18 26 0
19 26 0
19 26 0
20 27 1
19 27 1
19 27 1
19 26 0
19 26 0
19 26 0
18 26 0
19 27 0
19 27 0
19 26 0
19 26 0
18 26 0
18 26 0
18 26 0
18 25 0
18 25 0
17 25 0
17 25 0
17 25 0
17 25 0
18 25 0
17 25 0
17 25 0
17 25 0
17 25 0
17 24 0
17 24 0
16 24 0
16 24 0
16 24 0
16 23 0
16 23 0
17 25 1
17 25 1
17 25 1
17 25 1
17 24 0
17 24 0
16 24 0
16 24 0
16 24 0
16 23 0
16 23 0
16 23 0
15 23 0
15 23 0
15 22 0
15 22 0
16 23 0
16 23 0
17 25 2
17 25 2
17 24 2
17 24 1
17 24 1
16 24 1
16 24 1
16 24 0
16 23 0
16 23 0
16 23 0
15 23 0
15 23 0
16 23 0
16 23 0
16 23 0
16 23 0
15 23 0
15 23 0
15 22 0
15 22 0
15 22 0
16 23 0
17 24 1
16 23 1
16 23 1
16 23 1
17 24 1
18 25 2
18 25 2
17 24 2
18 25 2
18 25 2
19 26 3
19 26 3
18 26 3
18 25 2
19 26 3
19 26 3
19 26 3
19 26 2
19 26 3
19 26 3
22 29 6
22 29 6
22 29 5
22 29 5
21 28 5
21 28 5
21 28 4
21 28 4
21 28 4
21 28 5
21 28 4
22 29 5
22 29 5
23 30 6
22 30 6
22 29 5
22 29 5
23 30 6
24 31 7
24 31 6
24 31 7
24 31 7
24 31 7
24 31 7
24 31 6
24 31 6
23 30 6
23 30 6
23 30 5
23 30 5
23 30 5
22 30 5
22 29 4
22 29 4
22 29 4
22 29 4
21 29 4
22 29 4
22 29 4
22 29 4
22 29 4
22 29 3
21 29 3
21 28 3
21 28 3
21 28 3
22 29 3
23 30 4
22 29 4
23 30 5
23 30 4
23 30 4
23 30 4
23 31 5
23 30 4
23 30 4
25 32 6
25 32 6
25 32 6
24 31 5
24 31 5
24 31 5
24 31 5
25 32 5
26 32 6
25 32 6
26 33 7
26 33 6
27 34 7
27 34 7
27 34 8
28 35 9
28 35 8
28 35 8
28 35 8
28 35 9
28 35 8
29 36 9
29 36 9
30 37 10
30 37 10
29 36 9
29 36 9
30 37 10
30 37 10
31 38 10
30 37 10
31 38 11
31 38 11
31 38 10
31 38 10
30 38 10
30 37 10
30 37 10
30 37 9
30 37 9
29 37 9
29 36 9
29 36 8
29 36 8
29 36 8
29 36 8
29 36 9
29 36 8
29 36 8
29 36 8
30 37 9
29 37 8
29 36 8
29 36 8
29 36 8
28 36 7
28 36 7
28 35 7
28 35 7
28 35 7
27 35 6
27 35 6
28 36 7
28 35 7
28 35 6
28 35 6
27 35 6
27 35 6
27 35 5
28 35 6
28 35 6
27 35 6
27 35 6
27 35 5
27 34 5
27 34 5
28 35 6
27 35 5
27 35 5
27 34 5
27 34 5
27 34 5
27 35 5
29 37 7
29 37 7
29 36 7
30 37 7
30 37 7
29 37 7
29 37 7
29 36 6
29 36 6
29 36 6
29 36 6
29 36 6
28 36 5
28 35 5
28 35 5
28 35 5
28 35 4
28 35 4
27 35 4
27 34 4
27 34 4
27 34 3
27 34 3
27 34 3
26 33 3
26 33 2
27 34 3
27 34 3
27 34 3
26 33 2
26 33 2
26 33 2
27 34 3
27 34 3
26 34 2
26 33 2
26 33 2
26 33 2
26 33 1
26 34 2
26 33 2
26 33 2
26 33 2
26 33 1
26 34 2
26 34 2
26 33 2
27 34 2
28 35 3
27 35 3
27 35 3
28 35 4
28 35 3
28 35 3
28 35 3
27 35 3
27 35 2
27 34 2
27 34 2
27 34 2
27 34 1
26 34 1
27 34 2
27 34 2
27 34 2
27 34 1
27 35 2
27 35 2
27 34 2
28 35 2
28 35 2
27 35 2
27 35 2
27 35 2
27 34 1
27 34 1
26 34 1
26 34 1
26 34 0
26 33 0
26 33 0
25 33 0
26 34 0
26 34 0
26 33 0
26 33 0
26 34 1
26 34 0
26 34 0
26 34 0
26 33 0
26 33 0
25 33 0
25 33 0
25 33 0
25 32 0
25 32 0
24 32 0
24 32 0
24 32 0
24 32 0
25 32 0
24 32 0
24 32 0
24 32 0
24 32 0
26 33 1
25 33 1
25 33 1
25 33 1
25 33 1
25 32 0
27 34 2
27 35 3
27 35 3
27 35 2
27 35 2
27 34 2
26 34 2
26 34 1
26 34 1
26 34 1
25 34 1
25 33 1
26 34 1
26 34 1
26 34 1
26 34 1
25 33 0
26 34 1
26 34 1
26 34 1
26 34 0
26 33 0
25 33 0
25 33 0
25 33 0
25 33 0
25 33 0
25 33 0
25 33 0
26 34 1
26 34 1
27 35 1
26 34 1
26 34 1
26 34 1
26 34 1
26 34 0
26 34 0
25 33 0
25 33 0
25 33 0
25 33 0
25 33 0
24 32 0
25 33 0
25 33 0
25 33 0
25 33 0
25 32 0
24 32 0
24 32 0
25 33 0
25 33 0
25 33 0
26 33 1
25 33 0
25 33 0
25 33 0
26 34 1
26 33 1
25 33 0
25 33 0
25 33 0
26 34 1
26 33 0
25 33 0
25 33 0
25 33 0
25 33 0
26 34 0
25 33 0
25 33 0
26 34 1
26 34 1
26 34 0
26 33 0
25 33 0
25 33 0
25 33 0
25 33 0
25 33 0
26 33 0
25 33 0
25 33 0
25 33 0
25 33 0
25 33 0
25 33 0
25 33 0
25 33 0
25 33 0
25 33 0
24 32 0
24 32 0
24 32 0
24 32 0
24 32 0
24 32 0
24 32 0
24 32 0
24 32 0
24 32 0
24 32 0
24 32 0
24 32 0
24 32 0
24 32 0
24 32 0
23 31 0
23 31 0
23 31 0
23 31 0
24 32 0
25 34 2
25 33 2
25 33 2
25 33 1
25 33 1
25 33 1
24 33 1
25 33 2
25 33 1
25 33 1
25 33 1
24 33 1
24 32 0
24 32 0
24 32 0
24 32 0
23 32 0
24 33 0
24 32 0
24 32 0
24 32 0
26 34 2
25 34 1
25 34 1
25 33 1
26 34 2
26 34 1
26 34 1
26 35 2
26 34 2
26 34 1
26 34 1
26 34 1
25 34 1
25 34 1
26 34 1
26 34 1
26 34 1
25 34 1
26 35 1
26 34 1
26 34 1
26 34 1
25 34 1
27 36 2
27 36 2
27 35 2
27 35 2
26 35 1
26 35 1
26 35 1
26 34 1
26 34 1
26 34 0
25 34 0
25 34 0
25 34 0
25 33 0
25 33 0
24 33 0
24 33 0
24 33 0
24 33 0
24 32 0
23 32 0
23 32 0
23 32 0
23 32 0
23 31 0
22 31 0
22 31 0
22 31 0
22 31 0
22 30 0
21 30 0
21 30 0
21 30 0
21 30 0
21 30 0
20 29 0
20 29 0
20 29 0
20 29 0
21 30 0
22 30 1
21 30 1
21 30 1
21 30 0
21 30 0
20 30 0
21 30 1
21 30 1
21 30 0
21 30 0
21 30 0
21 30 1
21 30 0
21 30 0
21 30 0
21 30 0
21 29 0
21 30 0
22 31 1
23 32 2
24 33 3
24 33 3
24 32 2
24 33 3
24 33 3
24 33 3
24 33 2
24 32 2
24 32 2
23 32 2
23 32 2
23 32 1
23 32 1
23 31 1
23 31 1
22 31 0
23 32 1
23 32 1
24 32 2
24 32 1
23 32 1
25 34 3
26 35 4
26 35 4
26 34 3
25 34 3
25 34 3
25 34 3
25 34 2
25 33 2
24 33 2
24 33 2
24 33 1
25 34 2
25 34 2
24 33 2
24 33 2
24 33 1
24 33 1
24 33 1
23 32 1
23 32 0
23 32 0
23 32 0
23 32 0
22 32 0
22 31 0
22 31 0
22 31 0
22 31 0
21 31 0
21 31 0
21 30 0
21 30 0
22 31 0
22 31 0
21 31 0
22 31 1
22 31 0
22 31 0
22 31 0
21 31 0
21 31 0
22 31 0
22 31 0
22 31 0
22 31 0
21 31 0
21 31 0
21 30 0
21 30 0
21 30 0
21 31 0
21 31 0
21 30 0
21 30 0
20 30 0
20 30 0
20 30 0
20 29 0
21 30 0
20 30 0
20 30 0
20 30 0
20 29 0
22 31 1
22 31 1
21 31 1
21 31 1
21 31 0
22 31 1
22 31 1
23 32 2
23 33 2
23 33 2
23 33 2
23 32 2
23 32 2
22 32 1
22 32 1
22 32 1
22 31 1
22 31 0
22 31 0
21 31 0
21 31 0
22 31 1
22 31 0
22 31 0
22 31 0
21 31 0
22 31 0
22 31 0
22 31 0
22 31 0
21 31 0
22 32 0
22 31 0
22 31 0
23 32 1
22 32 0
22 32 0
22 32 0
22 31 0
23 32 0
23 33 1
23 33 1
23 33 1
23 32 1
23 32 0
24 34 2
24 34 2
25 35 3
25 34 2
25 34 2
25 34 2
24 34 2
24 34 2
24 34 1
24 33 1
24 33 1
23 33 1
23 33 0
24 34 1
25 35 2
25 34 2
25 34 2
24 34 1
24 34 1
24 34 1
25 34 2
24 34 1
24 34 1
24 34 1
24 34 1
24 34 1
24 33 0
23 33 0
24 34 1
26 36 3
26 36 2
26 36 2
26 35 2
26 35 2
25 35 1
25 35 1
26 36 2
27 36 3
28 38 5
28 38 4
29 39 5
29 39 5
29 39 5
28 38 4
28 38 4
29 39 5
29 39 5
29 39 5
29 38 4
28 38 4
28 38 4
28 38 4
29 39 4
30 40 5
30 39 5
29 39 5
29 39 5
29 39 4
30 40 5
30 40 5
29 39 5
30 40 5
30 40 5
30 40 5
30 40 5
29 39 4
29 39 4
29 39 4
29 39 4
29 39 4
28 38 3
29 39 4
29 39 4
29 39 4
29 39 3
29 40 4
29 39 4
29 39 4
29 39 3
29 39 3
29 40 4
29 39 4
30 40 5
30 40 4
30 40 4
30 40 4
30 41 5
30 40 4
31 41 5
32 42 6
32 42 6
33 43 7
32 42 6
32 42 6
32 42 6
32 42 6
32 42 5
33 42 6
33 43 7
33 43 7
34 44 7
34 44 7
34 44 7
34 44 8
34 44 8
34 44 7
34 44 7
35 45 8
34 45 8
35 45 8
35 45 8
35 45 8
35 45 8
34 45 7
34 44 7
34 44 7
34 44 7
34 44 7
35 46 8
35 46 8
35 45 8
35 45 8
35 45 7
34 45 7
34 45 7
34 44 7
34 44 6
33 44 6
34 45 7
34 45 7
34 45 7
34 44 6
33 44 6
33 44 6
35 46 8
36 47 8
36 47 8
36 47 9
37 48 10
37 48 10
37 48 9
38 49 10
38 48 10
38 48 10
37 48 9
37 48 9
37 48 9
37 48 9
36 47 9
36 47 8
36 47 8
36 47 8
36 47 8
35 46 7
35 46 7
36 47 8
37 48 9
37 48 9
36 47 8
36 47 8
36 47 8
36 47 8
37 48 8
36 48 8
36 47 8
36 47 8
36 47 7
36 47 7
36 47 7
36 47 8
36 47 8
36 47 7
38 49 9
37 49 9
37 48 9
37 48 8
37 48 8
37 48 8
37 48 8
36 48 8
36 47 7
36 47 7
37 48 8
37 48 8
37 48 7
37 47 7
37 48 8
37 48 8
37 48 7
38 49 8
38 49 8
37 48 8
37 48 8
37 48 7
39 50 9
38 50 9
38 49 9
38 49 8
38 49 8
38 49 8
37 49 8
37 49 7
37 48 7
37 48 7
37 48 7
38 50 9
38 50 8
38 49 8
38 49 8
38 49 8
37 49 7
37 49 7
37 48 7
39 50 9
39 50 9
39 50 8
38 50 8
38 50 8
38 49 8
38 49 7
38 49 7
39 50 8
38 50 8
38 49 7
39 50 8
39 50 8
39 50 8
39 50 8
39 51 8
39 50 8
39 50 8
39 50 8
39 50 7
39 50 7
39 49 7
38 49 7
38 49 7
38 49 6
39 50 7
39 49 7
39 49 7
39 50 7
39 50 7
39 50 7
39 50 7
38 49 6
39 50 7
39 50 7
39 50 7
39 50 7
39 49 6
38 49 6
38 49 6
38 49 6
38 49 5
38 48 5
38 48 5
37 48 5
37 48 4
38 49 5
38 48 5
38 48 5
38 48 5
38 48 4
37 48 4
38 49 5
38 48 5
38 48 4
39 49 5
38 49 5
38 49 5
38 48 4
38 48 4
38 48 4
