0 0 0
1 1 1
1 1 1
2 2 2
2 1 1
1 1 1
1 1 1
2 2 1
2 1 1
2 1 1
1 1 0
1 1 0
1 1 0
1 0 0
1 0 0
0 0 0
0 0 0
0 0 0
0 0 0
1 0 0
1 1 1
1 1 1
1 1 1
2 2 1
1 1 1
1 1 1
1 1 0
1 1 0
1 0 0
0 0 0
1 1 0
1 1 0
1 0 0
1 0 0
0 0 0
1 1 0
1 0 0
1 0 0
0 0 0
0 0 0
0 0 0
0 0 0
0 0 0
0 0 0
0 0 0
0 0 0
0 0 0
0 0 0
0 0 0
0 0 0
0 0 0
0 0 0
0 0 0
0 0 0
0 0 0
0 0 0
1 1 1
3 2 2
2 2 2
2 2 2
2 2 1
2 2 1
2 1 1
1 1 0
1 1 0
1 0 0
1 0 0
1 0 0
1 1 0
1 0 0
1 0 0
2 1 0
1 1 0
1 0 0
1 0 0
1 0 0
1 0 0
0 0 0
0 0 0
1 0 0
1 0 0
1 0 0
0 0 0
1 0 0
1 0 0
1 0 0
1 0 0
0 0 0
0 0 0
1 0 0
1 0 0
0 0 0
1 1 1
1 0 0
1 0 0
1 0 0
0 0 0
0 0 0
0 0 0
0 0 0
0 0 0
0 0 0
0 0 0
0 0 0
0 0 0
0 0 0
0 0 0
0 0 0
0 0 0
0 0 0
0 0 0
0 0 0
0 0 0
0 0 0
0 0 0
0 0 0
0 0 0
0 0 0
0 0 0
0 0 0
0 0 0
0 0 0
0 0 0
0 0 0
0 0 0
0 0 0
2 1 1
3 2 2
2 2 2
2 2 1
3 2 2
3 2 2
4 3 2
4 4 3
4 3 3
4 3 3
4 3 2
3 3 2
4 3 3
4 3 2
4 3 2
4 3 2
3 2 1
3 2 1
3 2 1
4 3 1
4 2 1
3 2 1
3 2 1
3 2 0
3 1 0
3 1 0
2 1 0
2 1 0
2 0 0
2 0 0
2 0 0
1 0 0
1 0 0
1 0 0
1 0 0
0 0 0
0 0 0
1 0 0
1 0 0
1 0 0
0 0 0
0 0 0
0 0 0
0 0 0
0 0 0
0 0 0
0 0 0
0 0 0
0 0 0
0 0 0
0 0 0
0 0 0
0 0 0
0 0 0
0 0 0
0 0 0
0 0 0
0 0 0
0 0 0
0 0 0
0 0 0
0 0 0
0 0 0
0 0 0
0 0 0
0 0 0
0 0 0
0 0 0
0 0 0
0 0 0
0 0 0
0 0 0
0 0 0
0 0 0
0 0 0
0 0 0
0 0 0
0 0 0
1 1 0
1 0 0
1 1 1
1 1 1
1 1 0
1 0 0
1 0 0
0 0 0
0 0 0
1 0 0
1 0 0
0 0 0
1 1 0
2 1 1
2 1 1
2 1 0
1 1 0
1 0 0
1 0 0
1 0 0
1 0 0
1 0 0
1 0 0
2 1 1
2 1 1
2 0 0
1 0 0
1 0 0
1 0 0
1 0 0
1 0 0
0 0 0
0 0 0
0 0 0
0 0 0
0 0 0
0 0 0
0 0 0
0 0 0
0 0 0
0 0 0
0 0 0
0 0 0
0 0 0
0 0 0
0 0 0
1 1 0
1 0 0
0 0 0
0 0 0
0 0 0
0 0 0
0 0 0
0 0 0
0 0 0
0 0 0
1 1 1
1 1 1
1 0 0
0 0 0
0 0 0
0 0 0
0 0 0
2 1 1
1 1 1
1 1 1
1 1 0
1 0 0
2 1 1
1 1 0
1 1 0
1 0 0
2 1 1
1 1 0
1 1 0
2 1 1
2 1 0
4 3 2
5 5 4
5 4 3
5 4 3
5 4 3
5 4 3
4 3 2
4 3 2
4 3 2
6 5 3
6 5 4
6 5 4
6 5 3
6 5 3
6 4 3
5 4 3
5 4 2
5 4 2
5 3 2
5 3 1
4 3 1
5 4 2
5 3 1
5 3 1
5 3 1
4 3 1
4 2 0
4 2 0
4 2 0
4 3 0
4 2 0
4 2 0
4 2 0
4 2 0
4 2 0
4 2 0
4 2 0
6 4 1
6 3 1
6 4 2
6 4 2
6 4 1
7 4 2
7 4 2
6 4 1
6 3 1
6 3 1
6 3 0
5 3 0
5 2 0
5 2 0
5 2 0
5 2 0
4 1 0
4 1 0
4 1 0
4 1 0
4 0 0
3 0 0
3 0 0
3 0 0
3 0 0
3 0 0
2 0 0
2 0 0
2 0 0
2 0 0
2 0 0
1 0 0
1 0 0
1 0 0
3 1 1
3 1 1
2 1 1
2 1 1
2 0 0
2 0 0
2 1 1
2 1 0
3 1 1
3 1 1
3 1 0
2 1 0
2 0 0
2 0 0
2 0 0
2 0 0
1 0 0
1 0 0
1 0 0
1 0 0
1 0 0
0 0 0
0 0 0
0 0 0
1 0 0
1 0 0
0 0 0
0 0 0
0 0 0
0 0 0
0 0 0
0 0 0
0 0 0
0 0 0
0 0 0
0 0 0
0 0 0
0 0 0
0 0 0
0 0 0
0 0 0
0 0 0
0 0 0
0 0 0
0 0 0
0 0 0
0 0 0
0 0 0
0 0 0
0 0 0
0 0 0
0 0 0
0 0 0
0 0 0
0 0 0
0 0 0
0 0 0
0 0 0
0 0 0
0 0 0
0 0 0
0 0 0
0 0 0
0 0 0
0 0 0
0 0 0
0 0 0
0 0 0
0 0 0
0 0 0
0 0 0
0 0 0
0 0 0
0 0 0
0 0 0
0 0 0
0 0 0
0 0 0
0 0 0
0 0 0
0 0 0
0 0 0
0 0 0
0 0 0
0 0 0
0 0 0
0 0 0
0 0 0
0 0 0
0 0 0
0 0 0
0 0 0
0 0 0
0 0 0
2 2 1
1 1 1
1 1 1
1 1 0
1 1 0
1 0 0
0 0 0
0 0 0
0 0 0
0 0 0
0 0 0
0 0 0
0 0 0
0 0 0
0 0 0
0 0 0
0 0 0
1 1 0
1 0 0
1 1 1
2 2 1
2 2 1
3 2 2
3 2 2
2 2 1
2 2 1
2 1 1
2 1 0
1 1 0
1 1 0
1 0 0
2 1 0
2 1 0
2 2 1
2 1 1
2 1 0
2 1 0
2 1 0
1 0 0
1 0 0
2 1 0
3 2 1
3 1 1
2 1 1
2 1 0
2 1 0
3 1 1
4 2 1
3 2 1
3 2 1
3 1 0
3 1 0
2 1 0
2 1 0
3 1 0
3 1 0
3 1 0
2 1 0
2 0 0
3 1 0
3 1 0
3 1 0
3 1 0
3 1 0
3 1 0
3 1 0
3 0 0
2 0 0
2 0 0
2 0 0
2 0 0
2 0 0
1 0 0
1 0 0
1 0 0
2 0 0
1 0 0
1 0 0
2 1 0
3 1 1
3 1 1
2 1 0
3 2 1
3 1 1
3 1 0
3 1 0
2 0 0
2 0 0
3 1 0
3 1 0
3 0 0
2 0 0
2 0 0
2 0 0
3 0 0
2 0 0
2 0 0
2 0 0
2 0 0
2 0 0
1 0 0
3 1 1
3 1 1
3 1 1
3 1 0
2 0 0
2 0 0
2 0 0
2 0 0
2 0 0
1 0 0
1 0 0
1 0 0
1 0 0
1 0 0
0 0 0
0 0 0
0 0 0
0 0 0
0 0 0
0 0 0
0 0 0
0 0 0
0 0 0
0 0 0
0 0 0
0 0 0
0 0 0
0 0 0
0 0 0
1 0 0
2 1 1
1 1 1
1 1 0
1 0 0
1 0 0
0 0 0
0 0 0
0 0 0
0 0 0
0 0 0
0 0 0
0 0 0
0 0 0
0 0 0
1 1 1
1 1 0
1 0 0
0 0 0
0 0 0
1 1 0
1 0 0
0 0 0
0 0 0
0 0 0
0 0 0
0 0 0
0 0 0
0 0 0
0 0 0
0 0 0
0 0 0
0 0 0
0 0 0
0 0 0
0 0 0
0 0 0
0 0 0
0 0 0
0 0 0
0 0 0
0 0 0
1 1 1
1 1 0
1 0 0
0 0 0
0 0 0
0 0 0
0 0 0
0 0 0
0 0 0
0 0 0
1 1 1
2 2 2
2 2 1
2 1 1
1 1 1
1 1 1
2 2 1
2 1 1
1 1 1
1 1 0
1 0 0
1 0 0
1 0 0
0 0 0
0 0 0
0 0 0
0 0 0
0 0 0
0 0 0
0 0 0
0 0 0
0 0 0
1 1 1
1 1 0
1 0 0
1 1 1
1 1 1
1 1 0
2 1 1
1 1 1
1 1 0
1 1 0
1 0 0
1 0 0
0 0 0
1 1 0
1 0 0
1 0 0
1 0 0
0 0 0
1 0 0
2 1 1
2 1 1
2 1 1
1 0 0
1 0 0
1 0 0
1 0 0
1 0 0
0 0 0
0 0 0
0 0 0
0 0 0
0 0 0
0 0 0
0 0 0
1 1 1
1 1 1
1 1 1
1 1 0
1 0 0
0 0 0
0 0 0
0 0 0
0 0 0
0 0 0
0 0 0
0 0 0
0 0 0
0 0 0
0 0 0
0 0 0
0 0 0
0 0 0
0 0 0
0 0 0
0 0 0
1 1 1
1 1 1
2 2 2
3 3 2
3 2 2
4 4 4
4 4 4
4 4 3
5 4 4
5 4 4
4 4 3
4 3 3
4 3 3
4 3 2
3 3 2
3 3 2
4 3 2
4 3 2
4 3 2
4 4 3
4 3 2
5 4 3
6 5 4
6 5 3
5 4 3
5 4 3
5 4 2
6 4 3
7 5 4
7 6 4
7 6 4
7 5 4
7 5 4
8 6 4
8 7 5
8 6 5
8 6 4
8 6 4
8 7 5
8 6 4
8 6 4
8 6 4
9 7 5
9 7 5
9 7 5
9 7 5
9 6 4
9 6 4
8 6 4
8 6 3
8 5 3
8 5 3
8 5 3
8 6 3
8 5 3
9 6 4
9 6 3
9 6 3
8 5 3
9 6 3
10 7 4
10 7 4
10 6 3
9 6 3
9 6 3
9 6 3
9 5 2
8 5 2
8 5 2
8 5 1
8 4 1
8 4 1
7 4 0
7 4 0
7 3 0
7 3 0
7 3 0
6 3 0
6 2 0
6 2 0
6 2 0
5 2 0
5 1 0
6 2 0
7 3 1
7 3 1
6 2 1
6 2 0
7 3 1
7 3 1
7 3 0
6 2 0
6 2 0
6 2 0
6 1 0
5 1 0
5 1 0
5 1 0
5 0 0
5 0 0
4 0 0
4 0 0
5 0 0
6 1 1
7 2 2
6 2 1
6 1 1
6 1 1
7 2 1
7 2 1
6 1 1
6 1 1
6 1 0
7 2 1
6 2 1
6 1 0
6 1 0
6 1 0
6 0 0
6 1 0
6 1 0
6 1 0
6 0 0
6 0 0
5 0 0
7 2 1
7 2 1
7 1 1
7 1 0
7 1 0
8 3 2
8 2 2
8 2 1
8 2 1
8 1 1
7 1 0
7 1 0
7 1 0
7 1 0
7 0 0
6 0 0
6 0 0
6 0 0
8 1 1
7 1 1
9 3 3
10 4 3
11 4 4
11 4 4
10 4 3
10 4 3
10 3 3
10 3 3
10 3 2
9 3 2
9 2 2
9 2 1
9 2 1
8 2 1
8 1 0
9 2 1
10 3 2
10 3 1
9 2 1
10 3 2
10 3 2
10 2 1
10 2 1
9 2 1
9 2 0
10 2 1
10 2 1
9 2 0
9 2 0
9 1 0
9 1 0
10 2 0
10 3 1
10 2 1
10 2 0
10 2 0
10 2 0
9 1 0
9 1 0
9 1 0
11 3 1
10 2 1
10 2 1
10 2 0
10 2 0
10 1 0
9 1 0
9 1 0
9 1 0
9 0 0
9 0 0
8 0 0
8 0 0
8 0 0
9 0 0
9 0 0
9 1 1
10 2 2
10 1 1
10 1 1
11 2 2
10 2 1
12 3 3
13 4 4
13 4 3
13 4 3
13 4 4
13 4 4
13 4 3
14 5 4
14 4 4
15 6 5
15 6 5
16 7 6
17 7 6
16 7 6
16 7 6
16 7 6
16 6 5
16 6 5
16 7 6
17 8 6
17 7 6
17 7 6
17 7 5
16 7 5
16 6 5
17 7 6
17 7 5
18 8 6
17 7 6
17 7 5
17 7 5
17 7 5
17 6 4
16 6 4
16 6 4
16 6 3
16 5 3
15 5 3
15 5 3
15 4 2
17 6 4
17 6 4
16 6 3
16 5 3
16 5 3
16 5 2
17 6 3
17 6 4
17 6 4
17 6 3
17 6 3
16 5 3
17 6 3
17 6 3
17 6 3
17 5 2
16 5 2
16 5 2
16 5 2
16 4 1
16 4 1
15 4 1
15 4 0
15 3 0
15 3 0
15 3 0
14 3 0
14 2 0
15 3 0
15 3 0
15 3 0
15 3 0
15 3 0
15 3 0
15 2 0
16 3 0
15 3 0
15 3 0
15 2 0
15 2 0
14 2 0
15 3 0
15 2 0
15 2 0
15 2 0
14 2 0
14 1 0
14 1 0
14 1 0
14 1 0
13 0 0
14 1 0
15 2 1
15 2 1
15 1 0
14 1 0
14 1 0
14 1 0
14 0 0
13 0 0
13 0 0
13 0 0
13 0 0
14 0 0
13 0 0
13 0 0
13 0 0
13 0 0
13 0 0
12 0 0
14 1 1
14 1 1
15 2 2
15 3 2
15 2 2
16 3 3
17 4 4
17 4 3
16 3 3
16 3 3
16 3 2
16 3 2
16 2 2
15 2 1
15 2 1
15 2 1
15 1 0
15 1 0
14 1 0
14 1 0
14 0 0
14 0 0
14 0 0
13 0 0
14 0 0
15 1 1
15 1 1
16 2 2
16 2 2
17 3 3
17 3 3
18 4 3
17 3 3
17 3 3
17 3 2
18 4 3
18 3 3
18 4 3
19 5 4
19 5 4
19 4 4
19 4 3
18 4 3
18 4 3
18 3 2
18 3 2
18 3 2
19 5 3
19 4 3
19 4 3
19 4 3
19 4 2
18 3 2
18 3 2
18 3 1
18 3 1
17 2 1
17 2 0
17 2 0
17 2 0
17 1 0
16 1 0
16 1 0
17 2 0
17 2 0
17 1 0
16 1 0
17 2 0
17 2 0
17 1 0
17 1 0
16 1 0
17 2 0
17 1 0
18 2 1
17 2 0
18 3 1
18 2 1
18 2 0
19 3 1
18 3 1
18 2 0
18 2 0
18 2 0
19 3 1
18 2 0
18 2 0
18 2 0
18 2 0
17 1 0
17 1 0
17 1 0
17 1 0
17 0 0
17 0 0
16 0 0
16 0 0
16 0 0
16 0 0
16 0 0
15 0 0
15 0 0
16 0 0
16 0 0
17 1 1
16 1 0
16 0 0
16 0 0
18 2 1
17 2 1
17 1 1
17 1 1
18 2 1
18 2 1
18 2 2
18 2 1
18 2 1
18 2 1
19 2 2
18 2 1
18 2 1
18 2 1
18 1 0
18 1 0
17 1 0
17 1 0
17 0 0
17 0 0
17 0 0
16 0 0
16 0 0
17 0 0
17 0 0
17 0 0
16 0 0
16 0 0
16 0 0
16 0 0
15 0 0
15 0 0
15 0 0
15 0 0
15 0 0
14 0 0
14 0 0
15 0 0
15 0 0
15 0 0
14 0 0
15 0 0
15 0 0
15 0 0
15 0 0
14 0 0
15 0 0
16 1 1
16 1 1
16 1 0
15 0 0
15 0 0
15 0 0
15 0 0
15 0 0
15 0 0
15 0 0
15 0 0
15 0 0
14 0 0
14 0 0
14 0 0
15 0 0
16 1 1
15 1 1
15 1 0
16 1 1
16 1 1
16 1 0
17 3 2
18 3 3
18 3 3
18 3 2
17 3 2
18 3 3
18 3 2
18 3 2
18 3 2
17 2 1
17 2 1
18 3 2
18 3 2
19 3 2
18 3 2
18 3 2
18 3 1
18 2 1
18 2 1
18 3 1
19 4 2
20 4 3
20 4 3
19 4 2
19 4 2
20 4 3
20 4 2
20 4 2
20 5 3
20 4 2
20 4 2
21 5 3
21 4 2
20 4 2
20 4 2
20 4 2
20 4 1
20 4 2
20 4 2
20 4 1
21 4 2
21 4 2
21 5 2
21 5 2
21 4 2
22 5 2
22 5 2
22 6 3
22 5 3
22 5 2
22 5 2
22 5 2
21 4 1
21 4 1
21 4 1
21 4 0
21 3 0
20 3 0
20 3 0
20 3 0
21 3 0
21 3 0
20 3 0
20 3 0
20 2 0
20 2 0
19 2 0
20 3 0
20 2 0
20 2 0
20 2 0
19 2 0
19 1 0
19 1 0
19 1 0
19 0 0
18 0 0
18 0 0
18 0 0
18 0 0
17 0 0
17 0 0
17 0 0
18 0 0
18 0 0
17 0 0
17 0 0
18 0 0
18 0 0
18 0 0
17 0 0
18 0 0
18 0 0
18 0 0
18 0 0
17 0 0
17 0 0
18 0 0
18 0 0
17 0 0
18 1 1
18 0 0
18 0 0
18 0 0
17 0 0
17 0 0
17 0 0
17 0 0
17 0 0
16 0 0
16 0 0
17 0 0
17 0 0
17 0 0
16 0 0
16 0 0
16 0 0
16 0 0
16 0 0
16 0 0
15 0 0
15 0 0
15 0 0
16 0 0
16 0 0
15 0 0
15 0 0
15 0 0
15 0 0
14 0 0
14 0 0
14 0 0
14 0 0
15 0 0
14 0 0
14 0 0
14 0 0
14 0 0
14 0 0
13 0 0
13 0 0
14 0 0
14 0 0
13 0 0
14 1 1
14 0 0
14 0 0
14 0 0
14 1 0
14 0 0
15 1 1
15 1 1
15 1 0
14 0 0
14 0 0
14 0 0
15 1 0
15 0 0
14 0 0
14 0 0
14 0 0
15 0 0
15 0 0
14 0 0
14 0 0
14 0 0
14 0 0
13 0 0
14 0 0
14 0 0
14 0 0
14 0 0
14 0 0
14 0 0
14 0 0
14 0 0
14 0 0
13 0 0
13 0 0
13 0 0
14 0 0
15 1 1
14 1 1
15 2 1
15 1 1
15 1 1
15 1 1
14 1 0
14 0 0
14 0 0
14 0 0
13 0 0
15 1 1
15 1 1
15 1 1
15 1 0
14 0 0
14 0 0
14 0 0
14 0 0
15 0 0
16 2 2
16 2 2
16 2 1
17 2 2
16 2 2
16 2 1
16 2 1
17 2 2
17 2 2
17 3 2
17 3 2
17 2 2
17 2 1
17 2 1
16 2 1
16 1 1
17 2 1
18 3 2
17 3 2
17 3 1
17 2 1
18 3 2
18 3 1
18 3 2
18 3 2
19 4 2
19 4 2
19 3 2
18 3 2
18 3 1
18 3 1
18 2 1
18 2 0
18 3 1
18 3 1
18 2 0
18 2 0
18 2 0
19 3 0
18 2 0
19 3 1
19 3 1
20 4 1
21 4 2
20 4 2
21 5 2
21 5 2
21 4 2
21 4 1
20 4 1
20 4 1
20 3 1
20 3 0
20 3 0
21 5 2
21 4 1
21 4 1
22 5 2
21 5 1
21 4 1
21 4 1
21 4 0
21 4 0
20 3 0
20 3 0
20 3 0
20 3 0
20 3 0
19 2 0
20 3 0
20 3 0
20 2 0
20 2 0
19 2 0
19 2 0
19 2 0
19 1 0
18 1 0
18 1 0
18 0 0
18 0 0
19 1 0
18 1 0
18 0 0
18 0 0
18 0 0
18 0 0
17 0 0
17 0 0
17 0 0
17 0 0
16 0 0
17 0 0
17 0 0
17 0 0
17 0 0
16 0 0
16 0 0
16 0 0
17 0 0
17 0 0
16 0 0
16 0 0
16 0 0
17 0 0
16 0 0
16 0 0
16 0 0
16 0 0
16 0 0
15 0 0
15 0 0
15 0 0
15 0 0
15 0 0
15 0 0
14 0 0
14 0 0
15 0 0
18 3 3
17 3 3
17 3 2
17 2 2
17 2 2
17 2 2
16 2 1
17 2 2
17 2 2
17 2 1
17 2 1
16 1 1
16 1 0
16 1 0
16 1 0
16 0 0
16 1 0
16 1 0
17 2 1
17 1 1
17 1 0
17 2 1
17 2 1
17 1 0
18 2 1
17 2 1
18 3 1
18 2 1
18 2 1
18 2 1
17 2 0
17 1 0
17 1 0
17 1 0
17 1 0
16 0 0
17 1 0
17 1 0
17 1 0
17 0 0
16 0 0
16 0 0
16 0 0
16 0 0
17 0 0
16 0 0
16 0 0
16 0 0
16 0 0
16 0 0
16 0 0
16 0 0
16 0 0
16 0 0
15 0 0
15 0 0
15 0 0
15 0 0
15 0 0
15 0 0
15 0 0
15 0 0
15 0 0
14 0 0
14 0 0
15 0 0
16 1 1
16 1 1
17 3 2
17 2 2
18 3 3
18 3 2
18 3 2
17 2 2
17 2 1
17 2 1
17 2 1
18 2 2
17 2 1
17 2 1
17 2 1
17 1 0
18 2 1
17 2 1
17 2 0
17 1 0
17 1 0
17 1 0
16 1 0
16 0 0
16 0 0
16 0 0
15 0 0
15 0 0
15 0 0
15 0 0
15 0 0
14 0 0
14 0 0
14 0 0
14 0 0
14 0 0
15 1 1
16 2 2
16 2 2
16 2 2
16 1 1
15 1 1
15 1 1
15 1 0
16 1 1
15 1 1
15 1 0
15 1 0
15 0 0
15 0 0
14 0 0
14 0 0
14 0 0
15 0 0
15 0 0
14 0 0
14 0 0
14 0 0
14 0 0
14 0 0
13 0 0
13 0 0
13 0 0
13 0 0
12 0 0
12 0 0
14 1 1
15 2 2
15 2 2
14 2 1
15 2 2
15 2 2
15 2 1
15 2 1
14 1 1
15 2 2
15 2 1
15 2 1
14 1 1
14 1 0
14 1 0
14 1 0
14 0 0
14 1 0
14 1 0
14 1 0
15 1 0
15 1 0
14 1 0
14 1 0
14 0 0
14 0 0
15 1 0
14 0 0
14 0 0
14 0 0
14 0 0
13 0 0
13 0 0
13 0 0
13 0 0
13 0 0
12 0 0
12 0 0
13 0 0
13 0 0
13 0 0
12 0 0
12 0 0
12 0 0
12 0 0
12 0 0
12 0 0
12 0 0
12 0 0
12 0 0
11 0 0
11 0 0
12 0 0
13 1 1
13 1 1
12 1 1
12 0 0
12 0 0
12 0 0
12 0 0
12 1 0
12 0 0
12 0 0
13 1 0
13 1 0
13 1 1
13 1 1
13 1 0
13 1 0
14 1 1
13 1 0
13 1 0
13 1 0
13 0 0
13 0 0
13 1 0
13 1 0
13 0 0
13 0 0
12 0 0
12 0 0
13 0 0
13 0 0
14 1 1
13 1 0
13 0 0
13 0 0
13 0 0
13 0 0
12 0 0
13 0 0
13 0 0
13 0 0
13 1 0
13 0 0
13 0 0
13 0 0
13 0 0
12 0 0
12 0 0
14 1 1
14 1 1
14 1 1
13 1 0
13 0 0
13 0 0
13 0 0
13 0 0
13 0 0
13 0 0
13 0 0
13 0 0
13 0 0
12 0 0
12 0 0
12 0 0
12 0 0
14 1 1
13 1 1
13 1 1
13 1 0
13 0 0
13 0 0
12 0 0
12 0 0
12 0 0
12 0 0
11 0 0
12 0 0
13 1 1
13 1 1
13 1 1
12 1 0
12 0 0
12 0 0
12 0 0
12 0 0
11 0 0
12 0 0
13 1 1
13 1 1
12 1 0
12 0 0
12 0 0
12 0 0
12 0 0
11 0 0
11 0 0
12 0 0
13 1 1
13 1 1
12 0 0
12 0 0
12 0 0
12 0 0
12 0 0
11 0 0
11 0 0
11 0 0
12 0 0
12 0 0
12 1 1
12 1 0
12 0 0
12 0 0
11 0 0
11 0 0
11 0 0
12 0 0
12 0 0
11 0 0
13 2 1
13 1 1
13 1 1
13 1 1
13 2 1
13 1 1
13 1 1
13 1 0
12 1 0
12 0 0
12 0 0
12 0 0
12 0 0
11 0 0
11 0 0
11 0 0
11 0 0
12 0 0
11 0 0
12 1 1
12 1 0
13 1 1
13 1 1
12 1 0
12 1 0
13 1 1
14 2 2
15 3 2
14 3 2
14 2 2
14 2 1
14 2 1
14 1 1
13 1 0
13 1 0
14 2 1
14 1 0
14 1 0
13 1 0
14 2 1
15 2 1
15 2 1
14 2 1
14 2 0
14 1 0
16 3 2
16 3 1
15 3 1
15 2 1
15 2 1
15 2 0
15 2 0
14 1 0
14 1 0
15 2 0
16 3 1
16 2 1
15 2 0
15 2 0
15 2 0
15 1 0
15 1 0
14 1 0
14 1 0
14 0 0
15 1 0
14 1 0
14 1 0
14 0 0
15 1 0
15 1 0
14 1 0
14 0 0
15 1 0
16 2 1
17 3 2
17 3 3
17 3 2
17 3 2
20 6 5
20 6 5
20 6 5
20 6 5
20 6 4
20 5 4
19 5 4
19 5 3
19 5 3
19 4 3
20 5 4
19 5 3
19 5 3
19 4 3
19 4 2
18 4 2
19 5 3
20 6 3
20 5 3
20 5 3
19 5 2
19 5 2
20 5 3
20 5 3
20 5 2
19 5 2
20 5 3
20 5 2
20 5 2
19 5 2
19 4 1
19 4 1
19 4 1
19 4 1
19 4 1
20 5 2
20 5 2
20 5 1
20 4 1
19 4 1
19 4 0
19 4 0
19 3 0
19 3 0
18 3 0
18 3 0
18 2 0
18 2 0
18 2 0
17 1 0
18 2 0
18 2 0
18 2 0
17 2 0
17 1 0
17 1 0
17 1 0
17 0 0
16 0 0
16 0 0
18 2 1
18 1 1
18 1 1
17 1 1
17 1 0
17 0 0
18 1 1
18 1 0
17 1 0
17 0 0
17 0 0
17 0 0
17 0 0
16 0 0
16 0 0
17 0 0
17 0 0
16 0 0
16 0 0
16 0 0
16 0 0
16 0 0
16 0 0
16 0 0
16 0 0
16 0 0
16 0 0
16 0 0
16 0 0
16 0 0
16 0 0
17 0 0
17 1 1
17 1 1
17 1 0
17 0 0
16 0 0
17 1 0
17 1 0
18 1 1
19 2 2
19 3 2
19 3 2
19 2 2
19 2 1
19 2 1
19 3 2
19 2 1
19 2 1
19 2 1
18 2 1
21 4 3
21 4 3
21 4 3
21 4 2
21 3 2
20 3 2
20 3 1
20 3 1
20 2 1
19 2 0
20 3 1
20 3 1
20 2 1
20 2 0
19 2 0
19 2 0
19 1 0
19 1 0
19 1 0
19 2 0
19 1 0
19 1 0
19 1 0
18 1 0
18 0 0
18 0 0
18 0 0
18 0 0
17 0 0
17 0 0
17 0 0
17 0 0
18 0 0
17 0 0
18 1 1
19 2 2
19 1 1
19 1 1
18 1 1
19 2 1
19 1 1
19 1 1
19 1 0
18 1 0
19 1 1
19 1 0
20 2 1
19 2 1
19 1 1
21 3 2
21 3 2
21 3 2
20 2 1
20 2 1
20 2 1
20 2 0
20 1 0
19 1 0
20 2 1
20 2 0
20 1 0
20 1 0
19 1 0
19 1 0
19 0 0
19 0 0
19 0 0
18 0 0
18 0 0
18 0 0
19 0 0
18 0 0
19 1 1
19 1 0
20 1 1
21 2 2
20 2 2
20 2 1
20 1 1
20 1 1
21 2 1
20 2 1
20 1 1
20 1 0
20 1 0
19 1 0
19 0 0
19 0 0
19 0 0
21 2 1
20 1 1
21 2 2
22 3 3
22 3 2
23 3 3
22 3 3
22 3 2
22 3 2
22 2 2
22 2 1
22 3 2
22 3 2
22 2 1
22 2 1
21 2 1
21 2 1
21 1 0
21 1 0
22 2 1
21 2 0
21 1 0
21 1 0
22 2 0
22 2 0
21 1 0
21 1 0
22 2 0
22 2 0
21 1 0
21 1 0
21 1 0
21 1 0
21 0 0
20 0 0
20 0 0
20 0 0
21 0 0
21 0 0
21 1 1
21 1 0
21 0 0
21 0 0
22 1 1
21 1 0
21 0 0
21 0 0
21 0 0
22 1 0
21 0 0
21 0 0
21 0 0
21 0 0
20 0 0
20 0 0
20 0 0
20 0 0
20 0 0
19 0 0
19 0 0
19 0 0
19 0 0
19 0 0
18 0 0
18 0 0
18 0 0
18 0 0
18 0 0
17 0 0
17 0 0
17 0 0
17 0 0
16 0 0
16 0 0
16 0 0
16 0 0
16 0 0
15 0 0
16 0 0
16 0 0
16 0 0
16 0 0
15 0 0
15 0 0
15 0 0
16 0 0
15 0 0
15 0 0
16 1 0
16 0 0
17 1 1
16 1 0
16 1 0
16 0 0
16 0 0
16 0 0
15 0 0
15 0 0
15 0 0
15 0 0
15 0 0
15 0 0
15 0 0
15 0 0
15 0 0
14 0 0
14 0 0
14 0 0
14 0 0
14 0 0
13 0 0
13 0 0
13 0 0
13 0 0
13 0 0
12 0 0
12 0 0
12 0 0
12 0 0
12 0 0
12 0 0
12 0 0
13 1 0
13 0 0
13 1 1
13 1 1
14 2 1
14 1 1
14 1 1
13 1 0
13 1 0
13 0 0
13 0 0
14 1 0
13 1 0
13 0 0
13 0 0
13 0 0
12 0 0
12 0 0
12 0 0
12 0 0
12 0 0
11 0 0
11 0 0
11 0 0
11 0 0
11 0 0
10 0 0
11 0 0
11 0 0
11 0 0
11 0 0
10 0 0
10 0 0
10 0 0
10 0 0
10 0 0
10 0 0
10 0 0
10 0 0
10 0 0
10 0 0
11 0 0
10 0 0
10 0 0
11 1 0
11 0 0
10 0 0
10 0 0
10 0 0
10 0 0
10 0 0
10 0 0
10 0 0
10 0 0
10 0 0
10 0 0
9 0 0
9 0 0
9 0 0
9 0 0
9 0 0
9 0 0
9 0 0
9 0 0
9 0 0
8 0 0
8 0 0
9 0 0
9 0 0
9 0 0
9 1 0
10 1 1
11 2 2
12 3 2
12 3 2
11 2 2
11 2 2
12 3 2
12 3 2
11 2 2
11 2 1
11 2 1
11 2 1
11 1 0
10 1 0
10 1 0
10 1 0
10 0 0
10 0 0
9 0 0
9 0 0
10 0 0
10 0 0
10 0 0
9 0 0
9 0 0
9 0 0
9 0 0
9 0 0
9 0 0
10 1 1
11 2 2
11 2 2
10 1 1
12 3 3
14 5 5
14 5 4
14 4 4
14 5 5
14 5 4
14 5 4
14 4 4
14 4 4
13 4 3
13 4 3
13 3 3
13 3 2
13 3 2
13 4 3
13 3 2
13 3 2
13 3 2
13 3 2
13 3 2
14 4 3
15 5 4
15 5 3
14 4 3
15 5 4
15 5 3
15 5 3
15 4 3
14 4 2
14 4 2
14 4 2
14 3 1
14 3 1
13 3 1
14 4 2
15 4 2
15 4 2
16 5 3
15 5 2
15 4 2
15 4 2
16 5 2
16 5 2
16 5 3
16 5 2
16 5 2
17 6 3
17 5 3
16 5 2
16 5 2
17 5 3
17 5 2
17 5 2
16 5 2
16 5 1
18 6 3
18 6 3
19 7 3
19 7 4
19 7 4
19 7 4
19 7 3
18 7 3
18 6 3
18 6 2
18 6 2
18 6 2
17 5 1
17 5 1
18 6 2
18 5 1
19 6 2
18 6 2
18 6 2
19 6 2
19 6 2
19 6 2
19 7 2
19 6 2
20 7 3
20 7 2
20 8 3
20 7 3
20 7 3
21 8 3
21 8 3
20 7 3
20 7 2
20 7 2
20 7 2
20 6 1
20 7 2
20 7 2
21 8 3
22 8 3
22 8 3
21 8 3
22 9 3
22 8 3
22 8 3
21 8 2
21 8 2
21 7 2
21 7 1
21 7 1
20 7 1
20 6 1
20 6 0
20 6 0
20 6 0
19 5 0
19 5 0
19 5 0
19 5 0
19 4 0
18 4 0
20 6 1
20 6 1
20 5 1
20 6 1
21 7 2
21 7 2
22 7 2
22 7 2
21 7 2
21 7 1
21 6 1
21 6 1
20 6 1
20 6 0
20 5 0
20 5 0
20 5 0
19 5 0
19 4 0
19 4 0
19 4 0
19 4 0
18 3 0
18 3 0
18 3 0
19 4 0
18 3 0
18 3 0
19 4 0
19 4 0
19 3 0
18 3 0
19 4 0
19 4 0
19 3 0
19 3 0
18 3 0
19 4 0
20 4 1
20 4 1
20 4 0
19 4 0
19 3 0
19 3 0
19 3 0
19 3 0
18 2 0
18 2 0
19 3 0
19 3 0
18 2 0
19 3 0
20 4 1
20 4 1
20 3 1
19 3 0
19 3 0
19 3 0
19 2 0
20 3 0
19 3 0
19 3 0
19 2 0
19 2 0
19 2 0
19 2 0
19 2 0
19 2 0
20 3 1
19 3 0
19 2 0
19 2 0
19 2 0
19 2 0
18 1 0
18 1 0
19 2 0
19 2 0
19 1 0
18 1 0
18 1 0
18 0 0
18 0 0
18 0 0
17 0 0
18 1 0
18 0 0
18 0 0
18 1 1
18 0 0
18 0 0
18 0 0
18 0 0
17 0 0
17 0 0
17 0 0
17 0 0
17 0 0
17 0 0
17 0 0
18 1 1
18 1 1
19 2 1
18 1 1
20 3 3
20 3 2
22 5 4
21 4 4
21 4 3
21 4 3
21 4 3
22 4 4
21 4 3
21 4 3
21 4 3
21 3 2
21 3 2
20 3 2
20 3 1
21 3 2
21 3 2
21 3 1
20 3 1
21 3 2
21 3 2
21 3 1
21 3 1
20 2 1
20 2 0
20 2 0
20 2 0
19 1 0
19 1 0
19 1 0
19 1 0
19 0 0
18 0 0
19 1 0
19 1 0
19 0 0
19 0 0
18 0 0
20 2 1
20 1 1
20 1 1
19 1 0
19 1 0
19 0 0
20 1 0
20 1 0
20 2 1
20 1 1
20 1 0
20 1 0
20 1 0
19 0 0
19 0 0
19 0 0
19 0 0
19 0 0
18 0 0
18 0 0
18 0 0
19 0 0
19 0 0
18 0 0
18 0 0
18 0 0
19 0 0
19 0 0
18 0 0
18 0 0
18 0 0
18 0 0
17 0 0
17 0 0
17 0 0
17 0 0
17 0 0
17 0 0
18 1 1
18 1 1
18 1 0
18 0 0
17 0 0
17 0 0
17 0 0
17 0 0
17 0 0
17 0 0
17 0 0
17 0 0
18 1 0
17 0 0
17 0 0
17 0 0
17 0 0
17 0 0
16 0 0
16 0 0
16 0 0
16 0 0
17 0 0
17 1 1
17 1 1
18 2 1
18 1 1
18 1 1
17 1 1
20 4 3
21 4 4
21 4 4
21 5 4
21 5 4
21 4 4
22 5 4
22 5 4
21 5 4
21 4 4
21 4 3
21 4 3
21 4 3
20 3 2
20 3 2
20 3 2
21 4 2
21 3 2
20 3 2
20 3 1
20 3 1
21 3 2
21 3 2
21 3 1
20 3 1
21 3 2
21 3 1
21 3 1
21 3 1
20 2 0
20 2 0
20 2 0
20 2 0
19 1 0
19 1 0
19 1 0
20 2 0
20 1 0
19 1 0
19 1 0
19 1 0
19 0 0
19 0 0
18 0 0
18 0 0
18 0 0
18 0 0
18 0 0
17 0 0
18 0 0
19 1 1
19 1 1
18 1 0
19 1 1
19 1 1
20 2 2
20 2 1
19 1 1
19 1 1
19 1 0
19 1 0
19 0 0
19 1 0
19 1 0
19 1 0
19 0 0
19 0 0
18 0 0
18 0 0
18 0 0
18 0 0
17 0 0
17 0 0
17 0 0
17 0 0
19 1 1
18 1 1
18 1 1
18 1 0
18 0 0
19 1 1
18 1 0
18 1 0
18 0 0
18 0 0
17 0 0
17 0 0
18 0 0
18 0 0
18 0 0
17 0 0
17 0 0
18 0 0
19 1 1
19 1 1
18 1 1
18 0 0
18 0 0
19 1 1
19 1 0
18 0 0
18 0 0
18 0 0
19 1 0
19 0 0
18 0 0
18 0 0
19 1 0
19 0 0
20 1 1
19 1 1
19 1 0
19 0 0
19 0 0
18 0 0
18 0 0
18 0 0
18 0 0
19 0 0
19 1 1
19 1 1
19 1 0
19 0 0
19 0 0
18 0 0
19 1 0
20 1 1
21 2 2
21 2 1
20 2 1
20 1 1
20 1 0
20 1 0
20 1 0
19 0 0
19 0 0
19 0 0
19 0 0
19 0 0
18 0 0
18 0 0
18 0 0
18 0 0
17 0 0
17 0 0
17 0 0
17 0 0
17 0 0
16 0 0
16 0 0
18 1 1
18 1 1
18 1 1
17 1 0
18 1 1
18 1 1
18 1 1
18 1 0
17 0 0
17 0 0
18 1 0
18 1 0
17 0 0
17 0 0
17 0 0
17 0 0
17 0 0
16 0 0
16 0 0
16 0 0
16 0 0
16 0 0
15 0 0
15 0 0
15 0 0
15 0 0
15 0 0
14 0 0
14 0 0
14 0 0
15 0 0
14 0 0
15 1 1
15 1 0
15 0 0
15 0 0
14 0 0
14 0 0
14 0 0
14 0 0
14 0 0
13 0 0
13 0 0
14 0 0
14 0 0
14 0 0
14 1 0
14 0 0
15 1 1
15 1 1
14 1 0
15 1 1
15 1 1
16 2 1
16 2 1
15 1 1
15 1 0
15 1 0
16 2 1
16 1 1
15 1 0
15 1 0
15 1 0
15 0 0
16 1 0
15 1 0
15 1 0
15 0 0
17 2 1
17 2 1
16 2 1
17 2 1
19 4 3
19 4 3
18 4 3
18 3 2
18 3 2
18 3 2
18 2 1
17 2 1
17 2 1
17 2 0
17 2 0
17 1 0
16 1 0
16 1 0
16 1 0
16 0 0
15 0 0
16 1 0
16 1 0
16 0 0
16 0 0
15 0 0
15 0 0
15 0 0
15 0 0
15 0 0
14 0 0
14 0 0
15 0 0
15 0 0
15 0 0
15 1 0
15 0 0
15 0 0
16 1 0
15 1 0
15 0 0
16 1 1
17 2 1
17 2 1
16 1 1
16 1 0
16 1 0
16 1 0
16 0 0
15 0 0
16 1 0
16 1 0
16 0 0
16 0 0
15 0 0
15 0 0
15 0 0
15 0 0
14 0 0
14 0 0
14 0 0
14 0 0
14 0 0
13 0 0
15 1 1
15 1 1
15 1 1
15 1 0
14 0 0
14 0 0
14 0 0
14 0 0
13 0 0
13 0 0
13 0 0
13 0 0
13 0 0
12 0 0
12 0 0
12 0 0
12 0 0
12 0 0
11 0 0
12 0 0
12 0 0
12 0 0
13 1 0
12 0 0
12 0 0
12 0 0
12 0 0
12 0 0
11 0 0
11 0 0
11 0 0
11 0 0
12 0 0
12 1 1
12 1 1
12 1 0
12 0 0
11 0 0
12 1 0
12 0 0
13 1 1
14 2 1
13 2 1
13 2 1
13 1 1
13 1 0
13 1 0
12 1 0
13 1 0
13 1 0
14 2 1
13 2 1
13 1 0
14 2 1
14 2 1
14 2 0
13 1 0
14 2 1
14 2 0
14 2 0
14 1 0
13 1 0
13 1 0
13 0 0
14 1 0
15 2 1
14 2 1
14 2 0
14 1 0
14 1 0
13 1 0
14 2 0
14 1 0
15 2 1
15 2 1
15 3 1
15 2 1
15 2 1
15 2 0
16 3 1
15 2 1
15 2 0
15 2 0
15 2 0
16 2 0
15 2 0
15 2 0
15 2 0
15 1 0
15 1 0
14 1 0
14 1 0
14 0 0
14 0 0
13 0 0
13 0 0
13 0 0
13 0 0
13 0 0
13 0 0
14 1 1
14 1 1
15 2 2
15 1 1
14 1 1
15 2 2
15 2 1
15 1 1
15 1 1
14 1 0
14 1 0
14 0 0
14 0 0
13 0 0
13 0 0
13 0 0
13 0 0
13 0 0
12 0 0
12 0 0
12 0 0
12 0 0
12 0 0
11 0 0
11 0 0
11 0 0
11 0 0
11 0 0
10 0 0
10 0 0
10 0 0
10 0 0
10 0 0
9 0 0
9 0 0
9 0 0
10 0 0
10 0 0
9 0 0
9 0 0
9 0 0
9 0 0
8 0 0
8 0 0
8 0 0
8 0 0
8 0 0
7 0 0
7 0 0
7 0 0
7 0 0
7 0 0
6 0 0
6 0 0
7 0 0
7 0 0
7 0 0
6 0 0
7 0 0
7 0 0
7 0 0
6 0 0
6 0 0
6 0 0
6 0 0
6 0 0
5 0 0
5 0 0
5 0 0
5 0 0
5 0 0
4 0 0
4 0 0
4 0 0
4 0 0
5 0 0
4 0 0
5 1 1
5 1 0
5 0 0
5 1 1
5 1 1
5 1 0
5 0 0
5 0 0
4 0 0
4 0 0
4 0 0
6 1 1
6 1 1
5 1 1
5 1 0
5 0 0
5 0 0
5 0 0
4 0 0
4 0 0
5 0 0
5 0 0
4 0 0
4 0 0
4 0 0
4 0 0
4 0 0
3 0 0
3 0 0
3 0 0
5 1 1
5 1 1
4 1 1
4 1 0
4 0 0
4 0 0
4 0 0
4 1 0
4 0 0
4 0 0
4 0 0
3 0 0
3 0 0
3 0 0
3 0 0
3 0 0
2 0 0
2 0 0
3 0 0
3 0 0
2 0 0
2 0 0
2 0 0
2 0 0
2 0 0
1 0 0
1 0 0
1 0 0
1 0 0
1 0 0
0 0 0
0 0 0
0 0 0
0 0 0
0 0 0
0 0 0
0 0 0
0 0 0
0 0 0
0 0 0
1 1 1
2 2 2
2 2 1
2 1 1
1 1 1
1 1 0
1 1 0
1 0 0
1 0 0
1 1 0
1 1 0
1 0 0
1 0 0
1 0 0
0 0 0
1 0 0
1 0 0
2 1 1
2 2 1
2 1 1
2 1 1
2 1 0
2 1 0
1 0 0
1 0 0
1 0 0
1 0 0
1 0 0
0 0 0
0 0 0
1 0 0
1 0 0
0 0 0
0 0 0
0 0 0
0 0 0
0 0 0
0 0 0
0 0 0
0 0 0
0 0 0
0 0 0
0 0 0
1 1 1
1 1 1
1 0 0
0 0 0
0 0 0
1 1 0
1 0 0
1 0 0
0 0 0
1 1 0
1 0 0
1 0 0
1 0 0
0 0 0
0 0 0
0 0 0
0 0 0
0 0 0
0 0 0
0 0 0
0 0 0
2 1 1
2 2 2
3 3 3
4 4 3
4 3 3
4 3 3
3 3 3
3 3 2
4 3 3
4 3 3
4 3 2
4 4 3
4 3 3
4 3 2
4 3 2
3 3 2
3 2 1
4 3 2
4 3 2
4 3 2
4 3 2
4 3 2
4 3 2
4 2 1
4 2 1
3 2 1
3 2 0
3 1 0
3 1 0
4 2 1
3 2 0
3 1 0
3 1 0
3 1 0
2 1 0
2 0 0
2 0 0
2 0 0
2 0 0
1 0 0
1 0 0
1 0 0
1 0 0
1 0 0
0 0 0
1 0 0
1 0 0
1 0 0
2 1 1
1 0 0
1 0 0
1 0 0
1 0 0
0 0 0
0 0 0
0 0 0
0 0 0
0 0 0
0 0 0
0 0 0
0 0 0
0 0 0
0 0 0
0 0 0
0 0 0
0 0 0
0 0 0
0 0 0
0 0 0
0 0 0
0 0 0
0 0 0
0 0 0
0 0 0
0 0 0
0 0 0
0 0 0
0 0 0
0 0 0
1 1 1
1 1 1
1 1 0
1 0 0
0 0 0
1 1 1
1 1 0
1 0 0
1 0 0
1 1 0
1 1 0
1 0 0
1 0 0
1 1 0
1 1 0
1 0 0
2 1 1
2 1 0
1 1 0
1 0 0
1 0 0
1 0 0
2 1 0
1 0 0
1 0 0
2 1 0
2 1 0
2 0 0
1 0 0
1 0 0
1 0 0
3 1 1
2 1 1
2 1 1
2 1 0
2 0 0
2 0 0
1 0 0
2 1 0
2 0 0
2 0 0
2 0 0
1 0 0
1 0 0
1 0 0
1 0 0
0 0 0
0 0 0
0 0 0
0 0 0
1 0 0
0 0 0
0 0 0
1 1 0
1 0 0
1 0 0
0 0 0
0 0 0
0 0 0
0 0 0
0 0 0
0 0 0
0 0 0
0 0 0
1 1 1
1 1 1
1 1 1
1 0 0
0 0 0
0 0 0
0 0 0
0 0 0
0 0 0
0 0 0
0 0 0
0 0 0
0 0 0
0 0 0
0 0 0
1 1 1
1 1 1
1 0 0
0 0 0
0 0 0
0 0 0
0 0 0
0 0 0
0 0 0
0 0 0
0 0 0
0 0 0
0 0 0
0 0 0
0 0 0
0 0 0
0 0 0
0 0 0
0 0 0
0 0 0
0 0 0
0 0 0
0 0 0
0 0 0
0 0 0
0 0 0
0 0 0
1 1 1
1 1 1
2 2 1
2 2 2
3 3 3
3 3 3
3 3 2
3 2 2
3 3 3
3 3 2
3 3 2
3 2 2
3 2 1
3 3 2
3 3 2
3 2 1
3 2 1
3 2 1
2 1 1
2 1 0
2 1 0
2 1 0
1 0 0
1 0 0
2 1 0
2 1 0
2 0 0
1 0 0
1 0 0
1 0 0
1 0 0
1 0 0
0 0 0
0 0 0
0 0 0
0 0 0
1 0 0
0 0 0
0 0 0
0 0 0
0 0 0
0 0 0
0 0 0
0 0 0
0 0 0
0 0 0
0 0 0
0 0 0
0 0 0
0 0 0
0 0 0
0 0 0
0 0 0
0 0 0
0 0 0
0 0 0
0 0 0
0 0 0
0 0 0
0 0 0
0 0 0
0 0 0
0 0 0
0 0 0
0 0 0
0 0 0
0 0 0
0 0 0
0 0 0
0 0 0
0 0 0
0 0 0
0 0 0
0 0 0
0 0 0
0 0 0
0 0 0
0 0 0
1 1 1
1 1 1
1 1 1
1 1 0
0 0 0
0 0 0
0 0 0
0 0 0
1 0 0
2 1 1
1 1 1
1 1 0
2 1 1
2 1 1
1 1 0
2 2 1
2 1 1
4 3 3
4 3 2
3 3 2
3 2 2
3 2 1
3 2 1
3 2 1
2 1 0
2 1 0
3 2 1
3 2 0
3 1 0
2 1 0
2 1 0
2 1 0
2 0 0
1 0 0
1 0 0
1 0 0
1 0 0
1 0 0
0 0 0
1 0 0
1 0 0
1 0 0
1 0 0
0 0 0
0 0 0
0 0 0
0 0 0
1 0 0
0 0 0
0 0 0
0 0 0
0 0 0
0 0 0
0 0 0
0 0 0
0 0 0
0 0 0
0 0 0
0 0 0
0 0 0
0 0 0
0 0 0
0 0 0
1 1 1
1 1 1
1 1 1
1 1 0
0 0 0
0 0 0
0 0 0
0 0 0
0 0 0
0 0 0
0 0 0
0 0 0
0 0 0
0 0 0
0 0 0
0 0 0
0 0 0
0 0 0
0 0 0
0 0 0
0 0 0
0 0 0
0 0 0
0 0 0
0 0 0
0 0 0
0 0 0
0 0 0
0 0 0
0 0 0
0 0 0
0 0 0
0 0 0
0 0 0
0 0 0
0 0 0
0 0 0
0 0 0
0 0 0
0 0 0
0 0 0
0 0 0
0 0 0
0 0 0
0 0 0
0 0 0
0 0 0
1 0 0
0 0 0
0 0 0
0 0 0
0 0 0
1 0 0
0 0 0
1 1 1
2 2 2
2 1 1
2 1 1
1 1 1
2 2 1
2 1 1
2 1 1
1 1 0
1 1 0
1 0 0
2 1 0
2 1 0
2 1 0
1 0 0
1 0 0
1 0 0
1 0 0
1 0 0
1 0 0
1 0 0
1 0 0
1 0 0
1 0 0
0 0 0
1 0 0
1 0 0
1 0 0
1 1 0
1 0 0
2 1 1
2 1 1
2 1 0
1 0 0
1 0 0
1 0 0
1 0 0
1 0 0
0 0 0
0 0 0
0 0 0
0 0 0
0 0 0
0 0 0
0 0 0
0 0 0
1 1 1
2 2 2
2 2 2
3 3 2
3 2 2
2 2 2
2 2 2
3 3 2
3 2 2
3 2 2
3 2 1
2 2 1
2 1 1
2 1 0
2 1 0
1 1 0
1 0 0
2 1 0
3 2 1
3 2 1
2 1 0
2 1 0
2 1 0
2 1 0
2 0 0
1 0 0
2 1 0
2 1 0
2 0 0
2 0 0
1 0 0
1 0 0
1 0 0
1 0 0
1 0 0
0 0 0
0 0 0
0 0 0
0 0 0
0 0 0
0 0 0
0 0 0
0 0 0
0 0 0
0 0 0
0 0 0
0 0 0
0 0 0
0 0 0
0 0 0
1 1 1
1 1 1
1 1 0
1 0 0
1 1 1
1 1 1
1 1 0
1 0 0
2 1 1
1 1 0
1 1 0
2 1 1
3 2 1
3 2 1
2 2 1
2 1 0
2 1 0
2 1 0
3 2 1
2 1 0
2 1 0
2 1 0
2 1 0
1 0 0
1 0 0
1 0 0
1 0 0
1 0 0
0 0 0
0 0 0
0 0 0
0 0 0
0 0 0
0 0 0
0 0 0
0 0 0
0 0 0
0 0 0
0 0 0
0 0 0
0 0 0
0 0 0
0 0 0
0 0 0
0 0 0
0 0 0
0 0 0
0 0 0
0 0 0
0 0 0
0 0 0
0 0 0
1 1 1
3 3 3
3 2 2
3 3 3
3 3 3
4 4 3
4 3 3
5 4 4
4 4 3
4 4 3
4 3 3
5 4 4
5 4 3
4 4 3
4 3 3
4 3 2
4 3 2
5 4 3
4 3 2
5 4 3
5 4 3
5 4 3
5 3 2
6 4 3
5 4 3
5 4 2
5 3 2
5 3 2
5 3 1
5 4 2
5 3 2
5 3 1
6 4 2
6 5 3
7 5 4
7 5 3
9 7 5
9 7 5
8 6 4
10 8 6
10 8 6
10 8 5
10 7 5
9 7 5
9 7 5
9 7 4
9 6 4
9 6 4
9 7 4
9 7 4
9 6 4
9 6 3
9 6 3
8 6 3
8 5 3
8 5 2
8 5 2
8 5 2
7 4 1
7 4 1
7 4 1
7 4 0
6 3 0
6 3 0
6 3 0
6 3 0
7 3 0
6 3 0
7 4 1
7 4 0
7 3 0
7 3 0
6 3 0
7 4 0
7 3 0
7 3 0
7 3 0
6 3 0
6 2 0
6 2 0
6 2 0
6 2 0
5 1 0
5 1 0
5 1 0
5 1 0
5 0 0
4 0 0
4 0 0
4 0 0
4 0 0
4 0 0
3 0 0
3 0 0
3 0 0
3 0 0
2 0 0
2 0 0
2 0 0
3 0 0
3 0 0
3 0 0
2 0 0
2 0 0
2 0 0
3 0 0
3 1 1
3 1 1
3 1 0
4 1 1
4 1 1
3 1 0
3 1 0
3 0 0
3 0 0
3 0 0
3 1 0
3 0 0
4 1 1
4 1 0
4 1 0
3 0 0
5 2 1
5 2 1
6 3 2
5 2 2
5 2 1
5 2 1
5 2 1
5 1 0
4 1 0
5 2 1
6 3 1
6 2 1
6 2 1
6 3 1
6 3 1
6 2 1
6 2 1
6 2 0
5 2 0
5 1 0
5 1 0
5 1 0
5 0 0
4 0 0
4 0 0
4 0 0
5 0 0
4 0 0
4 0 0
5 1 0
5 0 0
5 0 0
4 0 0
4 0 0
4 0 0
4 0 0
4 0 0
4 0 0
5 1 1
5 1 1
5 1 1
6 1 1
5 1 1
5 1 1
5 1 0
5 0 0
5 0 0
4 0 0
4 0 0
5 0 0
5 0 0
4 0 0
4 0 0
4 0 0
4 0 0
4 0 0
3 0 0
3 0 0
4 0 0
5 1 1
5 1 1
4 1 0
4 0 0
4 0 0
4 0 0
4 1 0
4 0 0
4 0 0
4 0 0
5 1 0
5 1 1
5 1 1
5 1 0
5 1 0
5 0 0
4 0 0
4 0 0
4 0 0
4 0 0
4 0 0
3 0 0
3 0 0
4 0 0
4 0 0
4 0 0
3 0 0
3 0 0
3 0 0
3 0 0
2 0 0
2 0 0
2 0 0
2 0 0
2 0 0
1 0 0
1 0 0
2 0 0
2 0 0
3 1 1
2 1 1
2 0 0
2 0 0
2 0 0
1 0 0
1 0 0
1 0 0
1 0 0
1 0 0
1 0 0
1 0 0
1 0 0
1 0 0
1 0 0
0 0 0
0 0 0
2 1 1
2 1 1
2 2 2
2 1 1
2 1 1
3 2 2
4 3 2
4 3 3
5 4 4
5 4 4
5 4 3
5 3 3
5 4 4
5 4 3
7 6 5
7 5 5
7 5 4
7 6 5
7 6 5
7 5 5
7 5 4
7 5 4
6 5 4
6 4 3
6 4 3
6 4 3
6 5 3
6 4 3
6 4 3
7 5 3
7 5 3
6 4 3
6 4 3
6 4 2
6 3 2
7 4 3
6 4 2
6 4 2
6 4 2
6 3 1
6 3 1
6 4 2
6 3 2
6 3 1
6 3 1
6 3 1
5 2 0
5 2 0
5 2 0
5 2 0
4 1 0
4 1 0
4 1 0
4 1 0
4 0 0
4 1 0
4 1 0
4 1 0
4 0 0
4 0 0
4 0 0
3 0 0
4 0 0
4 0 0
4 0 0
3 0 0
3 0 0
3 0 0
3 0 0
4 0 0
3 0 0
3 0 0
4 1 0
4 0 0
4 0 0
4 0 0
3 0 0
3 0 0
3 0 0
3 0 0
3 0 0
3 0 0
3 0 0
3 0 0
3 0 0
3 0 0
3 0 0
4 1 1
4 1 0
4 0 0
3 0 0
5 2 2
5 2 1
6 2 2
6 2 2
5 2 1
5 2 1
5 1 1
5 1 0
5 1 0
4 1 0
4 0 0
5 1 0
5 1 0
4 1 0
4 0 0
5 1 0
5 1 0
5 1 0
4 0 0
4 0 0
4 0 0
4 0 0
4 0 0
3 0 0
3 0 0
3 0 0
3 0 0
4 0 0
3 0 0
3 0 0
4 1 0
5 1 1
5 1 1
4 1 1
5 2 1
5 1 1
5 1 1
6 3 2
6 3 2
6 2 2
6 2 1
6 2 1
5 2 1
5 1 1
5 1 0
5 1 0
5 1 0
5 1 0
6 2 1
6 2 1
6 2 1
6 1 0
6 1 0
6 2 1
6 2 0
6 1 0
6 1 0
6 1 0
6 2 0
7 2 1
8 3 2
8 3 2
9 5 3
10 5 4
10 5 4
10 5 3
10 5 3
9 4 3
10 5 3
10 5 3
10 5 3
10 4 2
9 4 2
9 4 2
9 4 2
10 4 2
10 4 2
9 4 2
9 3 1
9 3 1
9 3 1
8 3 0
8 3 0
8 2 0
9 3 0
9 3 0
8 3 0
8 2 0
8 2 0
8 2 0
8 2 0
8 1 0
7 1 0
7 1 0
7 0 0
7 0 0
7 0 0
6 0 0
6 0 0
6 0 0
6 0 0
6 0 0
5 0 0
5 0 0
5 0 0
5 0 0
4 0 0
4 0 0
4 0 0
4 0 0
4 0 0
3 0 0
3 0 0
3 0 0
3 0 0
3 0 0
2 0 0
2 0 0
3 0 0
3 0 0
3 0 0
2 0 0
2 0 0
2 0 0
4 1 1
3 1 1
3 1 1
4 2 1
4 1 1
4 1 1
3 1 1
3 1 0
3 0 0
3 0 0
3 0 0
2 0 0
2 0 0
2 0 0
2 0 0
2 0 0
2 0 0
2 0 0
2 0 0
2 0 0
2 0 0
1 0 0
1 0 0
2 0 0
3 1 1
2 1 1
3 2 2
3 1 1
4 2 2
4 2 2
3 2 1
3 1 1
3 1 1
3 1 0
3 1 0
2 0 0
2 0 0
2 0 0
2 0 0
2 0 0
1 0 0
1 0 0
1 0 0
1 0 0
0 0 0
0 0 0
0 0 0
0 0 0
0 0 0
0 0 0
0 0 0
0 0 0
0 0 0
0 0 0
0 0 0
0 0 0
0 0 0
0 0 0
0 0 0
0 0 0
0 0 0
0 0 0
0 0 0
1 1 0
2 1 1
1 1 1
1 1 1
2 2 1
2 1 1
2 1 1
1 1 0
1 1 0
1 0 0
1 0 0
1 1 0
1 1 0
1 0 0
1 0 0
1 0 0
1 0 0
1 0 0
1 0 0
1 0 0
1 0 0
1 0 0
1 0 0
1 0 0
1 0 0
1 0 0
0 0 0
0 0 0
0 0 0
0 0 0
0 0 0
0 0 0
0 0 0
0 0 0
0 0 0
0 0 0
0 0 0
0 0 0
0 0 0
0 0 0
0 0 0
0 0 0
0 0 0
0 0 0
0 0 0
0 0 0
0 0 0
0 0 0
0 0 0
0 0 0
0 0 0
0 0 0
0 0 0
0 0 0
0 0 0
0 0 0
0 0 0
0 0 0
0 0 0
0 0 0
0 0 0
0 0 0
0 0 0
0 0 0
0 0 0
0 0 0
0 0 0
0 0 0
0 0 0
0 0 0
0 0 0
0 0 0
0 0 0
1 1 1
1 1 1
1 0 0
0 0 0
0 0 0
0 0 0
0 0 0
0 0 0
0 0 0
0 0 0
0 0 0
0 0 0
0 0 0
0 0 0
0 0 0
0 0 0
0 0 0
0 0 0
0 0 0
0 0 0
0 0 0
0 0 0
0 0 0
0 0 0
0 0 0
0 0 0
0 0 0
0 0 0
0 0 0
0 0 0
0 0 0
1 1 1
1 1 1
1 1 1
2 1 1
1 1 1
1 1 1
1 1 0
1 1 0
1 0 0
0 0 0
0 0 0
0 0 0
1 0 0
1 0 0
0 0 0
0 0 0
1 0 0
2 1 1
2 1 1
1 1 0
1 0 0
1 0 0
1 0 0
1 0 0
0 0 0
0 0 0
0 0 0
0 0 0
0 0 0
2 2 2
2 2 2
2 2 1
2 1 1
1 1 1
1 1 0
1 0 0
2 1 1
2 1 1
2 2 1
2 1 1
2 1 1
2 1 0
1 1 0
1 0 0
1 0 0
1 0 0
1 0 0
0 0 0
2 1 1
2 1 1
2 1 1
2 0 0
1 0 0
1 0 0
1 0 0
1 0 0
0 0 0
0 0 0
0 0 0
0 0 0
0 0 0
0 0 0
0 0 0
0 0 0
0 0 0
0 0 0
0 0 0
0 0 0
0 0 0
0 0 0
1 1 1
1 1 1
2 2 2
3 3 2
3 2 2
2 2 2
2 2 2
2 2 1
3 2 2
3 2 2
2 2 1
2 2 1
3 2 2
3 2 2
3 2 1
2 2 1
2 1 1
2 1 0
2 1 0
1 1 0
1 0 0
2 1 0
2 1 0
2 1 0
1 0 0
1 0 0
1 0 0
1 0 0
1 0 0
0 0 0
0 0 0
1 0 0
2 1 1
1 1 1
1 1 1
1 0 0
1 0 0
1 0 0
0 0 0
0 0 0
0 0 0
0 0 0
0 0 0
0 0 0
0 0 0
0 0 0
0 0 0
0 0 0
0 0 0
1 1 1
1 1 1
1 0 0
1 0 0
0 0 0
1 1 0
1 0 0
1 0 0
0 0 0
0 0 0
0 0 0
0 0 0
0 0 0
0 0 0
0 0 0
0 0 0
0 0 0
0 0 0
0 0 0
0 0 0
0 0 0
0 0 0
0 0 0
0 0 0
0 0 0
0 0 0
0 0 0
0 0 0
0 0 0
0 0 0
0 0 0
0 0 0
0 0 0
0 0 0
0 0 0
0 0 0
0 0 0
0 0 0
0 0 0
0 0 0
0 0 0
0 0 0
0 0 0
0 0 0
0 0 0
0 0 0
0 0 0
0 0 0
1 0 0
1 1 1
1 1 1
1 1 0
1 0 0
0 0 0
0 0 0
0 0 0
0 0 0
1 0 0
0 0 0
0 0 0
0 0 0
1 0 0
1 0 0
0 0 0
0 0 0
0 0 0
0 0 0
0 0 0
0 0 0
0 0 0
0 0 0
0 0 0
1 1 1
1 1 0
1 0 0
1 1 1
1 1 0
1 1 0
1 0 0
0 0 0
0 0 0
1 1 0
1 0 0
1 0 0
0 0 0
0 0 0
1 0 0
2 1 1
2 1 1
2 1 0
1 0 0
1 0 0
1 0 0
1 0 0
1 0 0
0 0 0
0 0 0
1 0 0
1 0 0
1 0 0
0 0 0
0 0 0
1 0 0
1 0 0
0 0 0
0 0 0
0 0 0
0 0 0
1 0 0
0 0 0
0 0 0
0 0 0
0 0 0
0 0 0
0 0 0
0 0 0
0 0 0
0 0 0
1 1 1
1 1 1
1 0 0
0 0 0
1 1 1
1 1 0
1 1 0
3 2 2
2 2 1
2 2 1
2 2 1
2 1 1
2 1 0
2 2 1
2 2 1
2 1 0
3 2 1
3 2 1
2 2 0
2 1 0
2 1 0
2 1 0
2 1 0
2 1 0
4 3 2
4 3 2
5 4 2
4 3 2
4 3 2
4 3 1
4 3 1
5 3 2
4 3 1
4 3 1
5 3 2
7 5 4
7 5 3
6 5 3
7 5 4
8 6 4
8 6 4
8 6 4
7 5 3
7 5 3
7 5 3
7 5 3
7 4 2
6 4 2
6 4 2
6 4 1
6 3 1
5 3 1
6 4 1
6 4 1
6 3 1
6 3 1
5 3 0
5 3 0
6 3 1
6 3 0
7 4 1
6 4 1
6 3 0
6 3 0
6 3 0
6 3 0
5 2 0
5 2 0
5 2 0
5 1 0
4 1 0
5 2 0
5 2 0
5 2 0
5 1 0
4 1 0
4 1 0
5 2 0
5 1 0
6 2 1
5 2 0
5 2 0
5 1 0
5 1 0
4 1 0
4 1 0
4 0 0
4 0 0
4 0 0
3 0 0
3 0 0
3 0 0
4 0 0
4 0 0
3 0 0
5 2 1
5 1 1
5 1 1
5 1 0
4 1 0
4 0 0
4 0 0
4 0 0
4 0 0
3 0 0
4 0 0
4 0 0
4 0 0
3 0 0
4 0 0
4 0 0
4 0 0
4 0 0
3 0 0
3 0 0
3 0 0
3 0 0
3 0 0
2 0 0
2 0 0
4 1 1
5 2 2
5 2 2
4 2 1
4 1 1
4 1 1
4 1 0
4 2 1
4 1 1
4 1 0
4 1 0
4 1 0
3 0 0
3 0 0
3 0 0
4 1 0
4 0 0
3 0 0
3 0 0
3 0 0
3 0 0
2 0 0
3 0 0
3 0 0
3 0 0
4 1 0
4 1 1
4 1 1
4 1 1
4 1 0
4 0 0
3 0 0
3 0 0
3 0 0
3 0 0
3 0 0
3 0 0
3 0 0
3 0 0
4 0 0
3 0 0
4 1 1
4 1 0
4 0 0
4 0 0
4 0 0
3 0 0
3 0 0
3 0 0
3 0 0
2 0 0
2 0 0
2 0 0
2 0 0
2 0 0
1 0 0
1 0 0
1 0 0
1 0 0
1 0 0
0 0 0
0 0 0
0 0 0
0 0 0
2 1 1
1 1 1
1 1 1
1 1 0
2 1 1
1 1 1
1 1 1
1 0 0
1 0 0
2 1 1
1 1 0
1 1 0
2 1 1
2 1 0
2 2 1
2 2 1
2 1 0
3 2 1
5 4 3
5 5 4
6 5 4
6 5 4
6 5 4
6 4 3
5 4 3
7 6 5
7 6 4
7 6 4
6 5 4
6 5 4
7 6 4
8 7 5
8 6 5
8 6 4
10 8 6
9 8 6
9 7 5
10 8 6
10 8 6
11 9 7
11 8 6
10 8 6
11 9 7
11 9 6
12 9 7
12 9 7
11 9 6
11 9 6
11 8 6
11 8 5
10 8 5
10 8 5
10 7 5
10 7 4
10 7 4
11 9 6
11 8 5
11 8 5
12 9 6
11 9 5
11 8 5
11 8 5
12 9 6
12 8 5
11 8 5
11 8 5
11 8 4
11 7 4
11 7 4
11 8 4
11 8 4
11 8 4
11 7 4
11 7 3
10 7 3
10 7 3
10 6 2
10 6 2
10 6 2
9 6 1
9 5 1
9 5 1
9 5 0
8 5 0
8 4 0
9 5 1
9 5 0
9 5 0
8 4 0
8 4 0
8 4 0
8 4 0
9 4 0
8 4 0
8 4 0
8 4 0
9 4 0
8 4 0
8 4 0
8 4 0
8 3 0
8 3 0
7 3 0
7 3 0
7 2 0
7 2 0
7 2 0
6 2 0
6 1 0
6 1 0
7 2 0
7 2 0
6 1 0
6 1 0
7 2 0
7 2 0
7 1 0
6 1 0
7 2 0
7 2 0
8 2 1
8 2 1
7 2 0
7 1 0
7 1 0
7 1 0
7 1 0
6 0 0
6 0 0
6 0 0
6 0 0
6 0 0
5 0 0
5 0 0
5 0 0
5 0 0
4 0 0
4 0 0
4 0 0
4 0 0
4 0 0
3 0 0
3 0 0
4 0 0
4 0 0
4 0 0
3 0 0
3 0 0
3 0 0
3 0 0
3 0 0
3 0 0
3 0 0
3 0 0
3 0 0
2 0 0
2 0 0
2 0 0
2 0 0
3 0 0
3 0 0
2 0 0
3 1 1
3 0 0
3 0 0
3 0 0
3 1 0
4 1 1
4 1 1
4 1 0
4 2 1
5 2 2
6 3 3
6 3 2
6 3 2
5 2 2
5 2 1
5 2 1
5 2 1
6 2 1
5 2 1
5 2 1
5 2 0
5 1 0
4 1 0
4 1 0
6 3 1
