0 0 0
0 0 0
0 0 0
0 0 0
0 0 0
0 0 0
0 0 0
1 1 1
2 2 2
1 1 1
1 1 1
1 1 1
0 1 1
0 0 0
0 0 0
0 0 0
0 0 0
0 0 0
0 0 0
0 0 0
1 1 1
2 2 2
1 1 1
0 0 0
0 0 0
2 2 2
1 1 2
0 0 1
0 0 1
1 1 1
3 3 3
5 5 5
5 6 6
7 8 8
8 9 9
8 9 9
7 8 8
6 7 7
5 6 6
4 5 5
5 6 5
4 6 5
5 7 7
4 6 5
3 5 4
3 5 4
2 4 3
2 4 3
2 4 3
1 4 3
1 4 3
2 5 5
1 4 3
1 4 4
3 6 6
2 5 4
1 5 4
1 5 4
1 5 4
0 4 3
1 5 4
0 4 3
0 4 3
0 4 2
0 4 3
0 4 2
0 4 2
1 5 3
0 4 2
0 4 2
0 4 2
0 4 2
0 3 1
0 2 0
0 2 0
0 1 0
0 1 0
0 1 1
0 1 1
0 0 0
0 0 0
0 0 0
0 0 0
0 0 0
0 0 0
0 0 0
1 1 1
0 0 0
0 0 0
0 0 0
0 0 0
0 0 0
0 0 0
0 0 0
0 0 0
1 1 1
1 1 1
0 0 0
2 2 2
1 1 1
3 3 3
1 2 2
2 3 3
1 2 2
1 2 2
2 3 3
2 3 3
1 2 1
0 1 0
0 1 0
0 1 0
0 1 0
0 1 1
0 1 1
0 0 0
0 0 0
0 0 0
1 1 1
0 0 0
0 0 0
0 0 0
0 0 0
0 0 0
0 0 0
1 1 1
0 1 1
0 1 1
0 0 0
0 0 0
0 1 1
0 1 1
0 1 1
0 0 0
0 0 0
0 0 0
0 0 0
1 1 1
1 2 2
1 2 1
1 2 2
1 2 2
2 3 3
3 4 4
4 5 5
4 5 5
4 5 5
4 6 6
6 8 8
6 8 7
6 8 8
6 8 8
8 10 9
8 10 9
7 10 9
8 11 10
7 10 9
6 9 9
6 9 9
6 9 9
6 9 9
5 9 9
5 9 9
5 9 9
4 8 8
3 7 7
4 8 8
5 9 9
6 10 10
4 9 9
4 9 9
4 9 8
3 8 7
3 8 7
3 8 7
2 7 6
0 6 5
0 5 4
1 6 5
0 5 4
0 4 3
0 4 3
0 3 2
0 2 1
3 5 4
2 4 3
2 4 3
0 3 2
0 2 1
1 3 3
1 3 3
1 3 3
0 3 3
0 2 2
0 1 1
0 0 0
1 1 1
1 1 1
1 2 1
0 1 0
0 0 0
2 2 2
1 2 2
0 1 0
0 1 0
1 2 1
3 4 3
3 4 3
3 4 4
4 5 5
4 5 5
3 5 5
4 6 6
4 6 6
4 6 6
6 8 8
7 9 9
7 9 9
8 10 10
7 10 9
6 9 8
7 10 9
7 10 9
7 10 9
7 10 9
6 9 8
5 9 8
5 9 8
5 9 8
4 8 7
5 9 7
6 10 8
8 12 11
6 11 10
5 10 9
4 9 8
3 8 7
3 8 7
2 8 7
1 7 7
2 8 8
2 8 8
3 9 9
2 8 8
3 9 9
3 10 10
3 10 11
3 10 11
3 10 11
2 9 10
3 10 11
3 10 11
1 9 9
0 8 8
0 8 8
2 10 10
1 9 9
1 9 9
2 10 10
0 9 9
0 9 9
1 10 10
2 11 11
2 11 11
2 11 11
2 11 11
3 12 12
2 12 12
1 11 11
0 10 10
1 11 11
2 12 11
2 12 11
4 14 13
4 14 13
3 13 12
2 13 12
3 14 13
2 13 12
1 12 11
1 12 11
3 14 13
2 13 12
1 12 11
0 11 10
0 10 9
1 11 10
1 11 10
3 13 12
1 12 11
1 12 11
1 12 11
0 11 10
0 11 11
0 11 10
0 11 10
0 10 9
0 10 9
0 10 9
0 9 8
0 8 7
0 7 6
3 10 9
2 10 9
1 9 8
0 8 7
1 9 8
0 8 7
0 7 6
2 9 8
1 8 7
0 8 7
0 7 6
0 7 6
3 10 9
5 12 11
5 12 10
6 14 12
5 13 11
6 14 12
5 13 11
6 14 12
6 14 12
7 15 13
9 17 16
7 16 14
7 16 14
7 16 14
7 16 14
8 17 15
8 17 15
8 17 15
7 17 15
7 17 14
6 16 13
5 15 13
5 15 12
4 14 11
5 15 12
8 18 16
10 21 19
11 22 20
10 21 18
9 20 18
10 21 18
10 21 18
10 21 18
9 20 18
9 21 19
9 21 19
11 23 21
11 23 22
10 22 21
10 22 21
9 21 20
10 23 21
9 22 20
9 22 21
9 22 20
10 23 21
9 22 20
8 21 19
10 23 21
10 23 21
8 22 20
7 21 19
6 20 18
8 22 21
7 21 19
6 20 18
5 20 19
5 20 18
4 19 17
4 19 17
3 18 16
5 20 18
5 20 18
3 19 18
2 18 17
2 18 17
2 18 16
2 18 16
2 18 16
3 19 18
3 19 17
1 18 17
1 18 17
0 17 16
3 20 18
3 20 19
4 21 20
2 20 18
2 20 18
1 19 17
1 19 17
1 19 17
0 18 16
2 20 18
1 20 18
0 19 17
0 18 16
1 19 17
0 18 16
1 19 17
1 19 17
1 19 17
0 19 17
2 21 19
1 20 18
0 19 17
0 19 17
0 19 17
0 19 17
0 18 16
0 17 15
0 16 14
0 15 13
0 15 13
0 15 13
0 14 13
0 13 11
0 12 10
0 11 9
0 10 9
0 9 8
0 8 7
0 8 7
2 10 9
2 10 9
1 9 8
1 9 8
0 8 7
1 9 8
0 8 7
1 9 8
1 10 9
0 9 7
2 11 9
2 11 9
4 13 11
3 12 10
3 12 10
1 11 9
0 10 8
2 12 9
1 11 8
1 11 8
1 11 9
0 10 8
0 10 8
0 9 7
0 10 8
0 10 7
2 12 9
3 13 10
2 12 9
2 12 9
2 12 9
2 13 10
3 14 11
7 18 15
7 18 15
6 17 14
9 20 17
9 20 17
7 19 16
7 19 15
7 19 15
7 19 15
8 20 16
7 19 15
6 18 14
7 19 15
6 18 14
4 17 13
5 18 14
5 18 15
4 17 13
4 17 13
6 19 15
7 20 16
6 19 15
8 22 18
8 22 18
8 22 18
9 23 19
8 22 18
8 22 18
7 21 17
6 21 17
6 21 17
6 21 17
5 20 16
9 24 20
8 23 19
8 23 18
9 24 20
8 23 18
8 24 19
7 23 18
7 23 18
7 23 19
7 23 18
7 23 19
7 23 19
6 22 18
6 22 18
5 22 18
6 23 18
6 23 18
6 23 18
6 23 18
6 23 18
7 24 19
7 24 19
6 24 19
6 24 19
6 24 19
5 23 18
4 22 17
4 22 17
5 24 19
6 25 20
6 25 20
6 25 20
6 25 20
6 25 20
4 24 19
7 27 21
7 27 21
7 27 22
7 27 22
6 26 20
5 25 19
6 26 20
4 25 19
5 26 20
4 25 19
3 24 18
3 24 18
2 23 17
0 22 15
0 21 14
0 21 14
0 20 13
0 19 12
0 20 13
1 21 14
2 22 15
2 22 15
2 22 15
2 22 15
2 22 15
1 21 14
0 20 13
0 20 12
0 20 12
1 21 13
2 22 14
4 24 16
4 24 16
3 24 16
3 24 16
2 23 15
4 25 17
3 24 16
3 24 16
5 26 18
7 28 20
5 27 20
5 27 20
4 26 18
4 26 18
4 26 18
3 25 17
3 25 17
2 25 17
1 24 16
0 23 15
1 24 16
1 24 16
2 25 17
2 25 17
1 24 16
0 24 16
1 25 17
1 25 17
0 24 16
0 24 16
0 23 15
0 22 14
1 23 16
1 23 15
3 25 18
2 24 17
4 26 19
3 25 18
3 26 19
2 25 17
1 24 17
1 24 17
3 26 19
2 25 18
1 24 17
0 23 16
1 24 17
0 23 16
0 24 17
0 23 16
0 23 16
2 25 18
2 26 19
3 27 21
2 26 20
2 26 20
2 26 20
2 26 20
2 26 20
1 26 20
0 25 19
1 26 20
1 26 20
1 26 20
1 26 20
2 27 21
5 30 24
6 31 25
8 34 27
7 33 26
6 32 25
8 34 27
7 33 26
6 32 25
6 32 25
6 32 25
4 31 24
4 31 24
3 30 23
3 30 23
2 29 21
2 29 21
1 28 20
1 28 20
2 29 22
0 28 21
0 27 20
0 27 19
1 28 21
0 27 20
0 27 20
0 26 19
0 26 19
0 25 18
0 25 17
0 25 17
0 24 17
0 23 16
0 23 16
2 25 18
2 25 18
0 24 17
0 23 16
0 23 15
1 24 17
0 23 15
0 22 14
0 21 14
2 23 16
2 24 16
1 23 15
1 23 15
1 23 15
0 22 14
0 22 14
0 21 13
0 21 13
1 22 14
1 22 14
0 22 14
0 22 14
0 21 13
2 23 15
0 22 14
0 22 14
0 21 13
0 21 13
0 22 14
1 23 15
0 22 13
0 21 13
1 22 14
0 21 13
0 20 12
0 19 11
0 18 10
0 17 9
0 16 8
1 17 9
0 16 8
1 17 9
4 21 14
4 21 14
4 21 14
6 23 16
7 24 16
8 25 18
6 24 17
7 25 18
7 25 18
9 27 20
8 26 19
8 26 19
8 26 19
7 26 19
8 27 20
9 28 21
10 29 22
10 29 22
11 30 23
11 30 23
13 32 25
12 32 25
13 33 26
12 32 25
12 32 25
11 31 24
10 30 23
9 29 22
8 29 22
7 28 21
8 29 22
8 29 22
8 29 22
9 30 23
8 29 22
7 28 20
7 28 20
6 28 20
6 28 20
7 29 21
7 29 22
7 29 22
8 30 23
7 29 22
8 30 23
6 29 22
6 29 22
5 28 21
4 27 20
5 28 21
4 27 19
5 28 20
6 29 21
4 28 20
3 27 20
5 29 22
5 29 21
5 29 21
4 28 20
4 28 20
6 30 22
6 31 23
7 32 24
7 32 24
8 33 25
9 34 26
9 34 26
9 34 26
7 33 25
7 33 25
7 33 25
7 33 25
8 34 26
8 34 26
6 33 25
7 34 26
8 35 26
7 34 25
6 33 24
6 33 24
6 33 24
6 33 24
7 35 26
7 35 26
8 36 27
9 37 28
9 37 28
8 36 27
7 35 26
6 35 26
7 36 27
6 35 26
6 35 26
5 34 26
8 37 29
8 37 28
7 36 27
5 35 27
4 34 26
5 35 27
5 35 27
5 35 26
6 36 27
6 36 27
5 36 28
4 35 27
4 35 27
5 36 28
7 38 30
7 38 31
7 38 31
6 38 31
7 39 32
7 39 32
6 38 31
6 38 31
6 38 31
5 37 30
5 37 30
6 38 31
7 40 33
6 39 32
6 39 32
7 40 33
7 40 32
7 40 32
9 42 34
8 41 33
11 44 36
9 43 35
8 42 34
8 42 33
9 43 34
10 44 36
11 45 36
9 44 35
11 46 38
10 45 37
9 44 36
9 44 35
9 44 36
8 43 34
7 42 33
7 43 34
6 42 33
6 42 33
6 42 33
7 43 35
7 43 34
7 43 35
7 44 36
6 43 35
7 44 36
6 43 35
8 45 36
8 45 36
8 45 37
7 44 35
5 43 35
5 43 35
4 42 34
3 41 33
4 42 33
5 43 35
6 44 36
7 45 37
8 46 38
7 46 37
7 46 37
8 47 38
11 50 41
10 49 40
9 48 39
9 48 39
10 49 40
10 50 41
10 50 41
9 49 39
9 49 39
8 48 38
8 48 38
8 48 38
9 49 39
8 49 39
7 48 38
7 48 38
7 48 38
6 47 37
5 46 35
4 45 35
3 44 34
4 46 36
3 45 35
2 44 33
2 44 34
2 44 34
4 46 36
2 45 35
2 45 35
1 44 34
3 46 36
